term	change_in_rank	original_rank


Top 100 terms by change in tf rank in 2018-3-1 to 2019-9-1 vs. 2020-3-1 to 2021-9-1
1 familia 1437 1056
2 quickie 1351 1836
3 april 1346 1052
4 nanandbyronsclt 1344 1719
5 un 1240 1408
6 coupons 1183 1553
7 romance 1110 2258
8 spices 1027 1830
9 snow 996 1226
10 miamibeach 973 1485
11 hashbrowns 965 360
12 chance 935 693
13 9.99 895 2000
14 winter 889 1133
15 fab 879 1770
16 bubblews 874 2417
17 eye 868 2428
18 ら 836 2395
19 23 824 2387
20 gives 811 2416
21 action 803 2025
22 truth 802 1742
23 chilly 752 2534
24 2p 731 2224
25 romantic 727 1192
26 corned 701 1758
27 bunny 688 1820
28 cozy 685 2436
29 annual 679 2075
30 crossfit 671 2621
31 healthychoices 653 1880
32 benefits 651 2501
33 ✔️ 639 1726
34 berkeley 638 2714
35 cltfood 634 1078
36 wellness 625 1193
37 dutch 621 2661
38 5churchclt 613 1943
39 become 612 2263
40 air 608 2155
41 fiesta 606 2748
42 youtube 604 2747
43 virginia 598 2502
44 whole30 595 1677
45 brickell 592 1966
46 milwaukee 591 2599
47 applebees 590 1585
48 💓 577 2783
49 host 576 2418
50 blogger 566 2457
51 doors 566 2545
52 instagay 562 2716
53 metabolism 559 2521
54 mocha 542 2419
55 irish 540 1414
56 simply 520 1977
57 weightwatchers 503 2444
58 bellinis 503 2855
59 fri 502 1702
60 sarabeths 500 2603
61 vintage 498 1471
62 wood 495 2378
63 salty 488 2565
64 shaped 488 2676
65 drunk 486 2210
66 aren't 480 2808
67 mary's 479 1893
68 raleigh 477 2712
69 3p 475 2649
70 recovery 475 2787
71 yummo 475 2818
72 sports 470 2053
73 で 461 2665
74 closed 460 2522
75 bitches 458 1745
76 7am 454 2307
77 huge 450 1087
78 slowcooker 450 2034
79 build 449 2040
80 rvadine 449 2270
81 vitamins 449 2771
82 either 448 2732
83 sponsored 448 2769
84 desserts 444 1735
85 9pm 442 2267
86 charity 438 2869
87 iphone 436 2764
88 bubbles 434 2931
89 weho 430 2659
90 seating 429 1641
91 prepare 428 2289
92 blackberries 425 1923
93 seats 425 2874
94 app 418 2015
95 students 415 2379
96 12pm 414 1490
97 pasadena 414 2584
98 pound 412 2901
99 value 410 2636
100 hill 409 2491

Bottom 100 terms by change in tf rank in 2018-3-1 to 2019-9-1 vs. 2020-3-1 to 2021-9-1
1 father's -3663 5480
2 j57 -3413 4978
3 archiebangmuzik -3360 4895
4 richmfnquick -3253 4747
5 sjiwghweiv -3132 4660
6 mdw -3070 4951
7 gth1suzxz7 -2973 4629
8 1xnzlm6apr -2886 4545
9 2cshwfqaw2 -2879 3846
10 juviamiami -2615 4752
11 memorialdayweekend -2604 4133
12 lafortezzadc -2583 3430
13 iambobbyp -2540 3388
14 eve -2475 5036
15 ashley -2394 4619
16 summertime -2321 3834
17 blogging -2305 4840
18 george -2195 5014
19 jpo0ktzsef -2161 3808
20 superpretzel -2158 4594
21 italians -2102 5069
22 fathersday -2100 2848
23 udisglutenfree -2092 4266
24 sundayshake -2011 5047
25 gzfkx6ca -2009 5050
26 onlyramzi -2009 5056
27 apart -1981 4538
28 healthyshake -1959 4961
29 cities -1828 2647
30 prod -1782 3503
31 meets -1770 3829
32 bubble -1753 4552
33 sffcbus -1740 3284
34 zmh8s0xhtw -1736 4265
35 ronald -1717 4738
36 hamptons -1699 4837
37 whybh12 -1685 4701
38 bang -1643 4386
39 essential -1622 4486
40 antique -1578 4854
41 pull -1494 3945
42 healthybody -1483 4698
43 rat -1442 4168
44 merridee's -1424 3143
45 prince -1394 3237
46 sample -1394 4092
47 memorial -1355 2290
48 camping -1332 3393
49 june -1322 1968
50 heyyouapp -1299 4649
51 cooklime -1295 4093
52 elegant -1265 3223
53 graduation -1243 2608
54 dayparty -1213 1958
55 pets -1206 4014
56 death -1188 4166
57 dads -1188 4557
58 alfresco -1156 3492
59 worked -1153 4101
60 memorialday -1147 1635
61 solution -1140 3207
62 winnipeg -1137 3842
63 schools -1124 3908
64 islands -1111 3001
65 program -1111 3817
66 skewers -1111 4178
67 kapnosdc -1110 4180
68 bb -1079 4325
69 longer -1073 3909
70 newportbeach -1068 2540
71 lab -1066 3308
72 across -1042 3367
73 allday -1034 3971
74 mcdonald -1024 2979
75 sandwhich -1017 4140
76 flank -998 3913
77 yummi -998 3914
78 send -989 3505
79 fighting -985 4134
80 focaccia -975 4242
81 tells -955 3803
82 columbusohio -936 2237
83 spiceupyourday -919 3922
84 october -914 3507
85 buds -914 3533
86 silver -906 4019
87 asia -902 3324
88 hospital -893 3980
89 pouches -890 1807
90 zombie -854 3534
91 packing -849 3126
92 cobb -846 3315
93 lately -844 3702
94 twenty -842 1667
95 mostyummytoday -804 2401
96 loop -804 3783
97 sparkling -799 3950
98 report -791 3763
99 chives -785 3485
100 bfast -779 3242

Top 100 terms by change in df rank in 2018-3-1 to 2019-9-1 vs. 2020-3-1 to 2021-9-1
1 familia 1415 1033
2 quickie 1331 1805
3 april 1326 1029
4 nanandbyronsclt 1322 1692
5 un 1223 1380
6 coupons 1161 1527
7 romance 1091 2222
8 spices 1011 1799
9 snow 985 1199
10 miamibeach 956 1457
11 hashbrowns 951 346
12 chance 910 686
13 winter 879 1107
14 9.99 879 1969
15 fab 865 1739
16 eye 857 2387
17 23 812 2349
18 gives 801 2377
19 truth 789 1714
20 action 787 1992
21 chilly 742 2493
22 romantic 724 1165
23 2p 718 2188
24 ん 693 2625
25 corned 687 1727
26 cozy 677 2394
27 bunny 676 1789
28 annual 665 2040
29 crossfit 661 2579
30 healthychoices 645 1847
31 benefits 644 2459
32 cltfood 626 1055
33 wellness 621 1166
34 dutch 611 2620
35 5churchclt 605 1911
36 become 601 2226
37 air 595 2119
38 fiesta 594 2706
39 youtube 593 2705
40 virginia 590 2460
41 whole30 583 1649
42 brickell 583 1935
43 milwaukee 581 2558
44 applebees 578 1559
45 host 567 2378
46 dancing 560 1474
47 blogger 558 2415
48 doors 557 2504
49 instagay 554 2673
50 metabolism 551 2480
51 irish 534 1386
52 mocha 533 2379
53 simply 506 1946
54 bellinis 495 2809
55 weightwatchers 494 2403
56 vintage 492 1443
57 fri 491 1675
58 sarabeths 491 2562
59 wood 485 2340
60 salty 480 2524
61 shaped 478 2636
62 aren't 475 2762
63 drunk 474 2175
64 mary's 470 1860
65 recovery 470 2742
66 yummo 469 2772
67 raleigh 468 2670
68 3p 467 2607
69 sports 463 2019
70 っ 455 2862
71 で 452 2624
72 closed 451 2481
73 bitches 449 1716
74 7am 444 2268
75 huge 443 1061
76 ootd 442 1427
77 vitamins 441 2730
78 either 440 2689
79 sponsored 440 2728
80 rvadine 439 2232
81 slowcooker 437 2002
82 build 436 2008
83 desserts 434 1707
84 9pm 433 2229
85 charity 433 2822
86 iphone 428 2723
87 bubbles 427 2883
88 weho 421 2618
89 seating 420 1615
90 seats 420 2827
91 prepare 419 2250
92 blackberries 417 1891
93 12pm 413 1462
94 pound 408 2853
95 app 407 1983
96 pasadena 406 2543
97 il 405 2919
98 students 404 2341
99 hill 404 2450
100 value 402 2594

Bottom 100 terms by change in df rank in 2018-3-1 to 2019-9-1 vs. 2020-3-1 to 2021-9-1
1 father's -3604 5389
2 j57 -3356 4888
3 archiebangmuzik -3306 4808
4 richmfnquick -3199 4661
5 sjiwghweiv -3081 4576
6 mdw -3012 4861
7 gth1suzxz7 -2917 4544
8 1xnzlm6apr -2829 4459
9 2cshwfqaw2 -2827 3778
10 memorialdayweekend -2561 4057
11 lafortezzadc -2537 3373
12 iambobbyp -2493 3330
13 eve -2427 4948
14 ashley -2347 4534
15 summertime -2287 3767
16 blogging -2259 4753
17 george -2155 4925
18 juviamiami -2147 5472
19 🚶 -2139 5509
20 🐢 -2137 5508
21 superpretzel -2133 5466
22 jpo0ktzsef -2121 3741
23 islands -2105 5445
24 yummi -2086 5437
25 ba -2083 5451
26 zombie -2079 5422
27 report -2077 5431
28 🎥 -2072 5439
29 fathersday -2065 2802
30 stella -2065 5424
31 italians -2062 4980
32 💓 -2060 5429
33 mangia -2055 5421
34 udisglutenfree -2051 4187
35 cpk -1990 5351
36 hero -1980 5325
37 sundayshake -1973 4959
38 gzfkx6ca -1972 4963
39 onlyramzi -1971 4968
40 pb2 -1969 5327
41 apart -1935 4452
42 healthyshake -1919 4872
43 shanghai -1878 5228
44 cornerbakery -1813 5151
45 cacao -1801 5165
46 cities -1797 2605
47 prod -1755 3444
48 meets -1738 3761
49 sffcbus -1719 3230
50 bubble -1716 4466
51 zmh8s0xhtw -1698 4186
52 newportbeach -1694 4165
53 ronald -1681 4652
54 hamptons -1663 4751
55 shabu -1662 5009
56 whybh12 -1650 4616
57 calzone -1641 4987
58 bang -1610 4305
59 lays -1609 4951
60 advocare -1608 4960
61 😴 -1604 4936
62 essential -1586 4403
63 antique -1541 4766
64 pull -1468 3874
65 mr_rich_tycoon -1463 4816
66 healthybody -1448 4613
67 fondue -1427 4782
68 rat -1414 4092
69 merridee's -1406 3093
70 prince -1374 3184
71 sample -1366 4017
72 montreal -1349 4685
73 memorial -1331 2251
74 wingstop -1316 4665
75 camping -1310 3335
76 june -1297 1937
77 🐠 -1271 4602
78 cooklime -1269 4018
79 heyyouapp -1268 4565
80 elegant -1246 3170
81 graduation -1228 2566
82 ikea -1206 4562
83 💥 -1194 4533
84 dayparty -1193 1927
85 pets -1183 3942
86 mongolian -1168 4525
87 death -1162 4090
88 dads -1157 4471
89 alfresco -1137 3433
90 memorialday -1132 1609
91 worked -1127 4025
92 solution -1124 3155
93 winnipeg -1117 3775
94 schools -1105 3839
95 program -1091 3750
96 skewers -1085 4103
97 kapnosdc -1084 4105
98 berkeley -1056 4421
99 ▶ -1055 4396
100 longer -1052 3841

Top 100 terms by change in (1+log(tf))*log(idf) rank in 2018-3-1 to 2019-9-1 vs. 2020-3-1 to 2021-9-1
1 fathersday 2354 294
2 cities 1878 702
3 bellinis 1669 280
4 bubbles 1668 287
5 seats 1635 225
6 pound 1635 239
7 charity 1621 247
8 episode 1610 211
9 belgian 1604 289
10 luxurious 1601 224
11 addiction 1599 236
12 onthego 1591 275
13 shows 1537 409
14 naked 1516 245
15 shared 1516 311
16 saturdaymorning 1506 413
17 lover 1488 269
18 ups 1485 264
19 chilli 1480 251
20 yummo 1476 368
21 iambobbyp 1470 1084
22 aren't 1457 383
23 flakes 1457 435
24 fiesta 1449 496
25 youtube 1448 495
26 chili's 1437 271
27 300 1414 282
28 lafortezzadc 1393 1160
29 wondering 1390 221
30 pears 1390 222
31 feature 1387 338
32 bottles 1384 268
33 recovery 1382 428
34 sloppy 1366 385
35 😒 1362 589
36 moon 1359 242
37 edition 1355 285
38 brownie 1353 437
39 bisque 1345 335
40 dressed 1340 551
41 dreaming 1340 621
42 perks 1339 467
43 udon 1338 420
44 brings 1333 232
45 coffees 1333 523
46 satisfied 1320 284
47 brusselsprouts 1319 493
48 vitamins 1313 442
49 sponsored 1312 440
50 leaving 1305 235
51 pair 1300 351
52 moroccan 1298 234
53 shout 1292 279
54 dude 1291 472
55 👀 1280 504
56 reunion 1276 450
57 instagay 1274 556
58 goodnight 1271 220
59 iphone 1269 461
60 felt 1269 658
61 graduation 1268 790
62 chiaseeds 1267 538
63 collard 1261 312
64 😱 1257 324
65 wakeup 1253 323
66 soulfood 1252 278
67 delicioso 1246 508
68 scottsdale 1244 305
69 yummers 1243 341
70 created 1238 308
71 offering 1228 213
72 stopped 1215 446
73 told 1213 487
74 masala 1206 274
75 we’re 1204 398
76 scampi 1197 389
77 earth 1195 540
78 foodgram 1193 536
79 housemade 1190 642
80 😻 1187 468
81 き 1186 755
82 barley 1185 214
83 field 1177 717
84 either 1173 530
85 🎈 1166 313
86 thin 1162 372
87 dutch 1159 675
88 🍃 1149 433
89 rum 1149 574
90 homefries 1148 320
91 exciting 1144 223
92 invited 1144 423
93 oreo 1144 506
94 raleigh 1143 569
95 session 1134 464
96 pairing 1132 656
97 ty 1130 360
98 hemp 1127 263
99 springs 1126 343
100 iifym 1125 711

Bottom 100 terms by change in (1+log(tf))*log(idf) rank in 2018-3-1 to 2019-9-1 vs. 2020-3-1 to 2021-9-1
1 snow -4180 4327
2 april -4026 4497
3 winter -3918 4422
4 excited -3879 4001
5 familia -3834 4492
6 romantic -3673 4362
7 water -3564 4103
8 irish -3509 4145
9 vintage -3497 4084
10 blog -3494 3615
11 applebees -3472 3663
12 miamibeach -3453 4049
13 wellness -3435 4361
14 chance -3403 4839
15 12pm -3272 4007
16 cltfood -3272 4471
17 un -3230 4149
18 father's -3112 4047
19 brooklyn -3094 3214
20 hashbrowns -3073 5170
21 tuna -3072 4348
22 money -3034 4172
23 lentil -3032 3789
24 fri -3028 3152
25 😊 -3021 4571
26 skipping -3018 3548
27 whole30 -3017 3254
28 seating -2995 3383
29 foodtrucks -2923 4053
30 item -2919 3866
31 appetizers -2907 3657
32 bitches -2898 3021
33 twist -2885 3728
34 tickets -2882 3196
35 orlando -2871 4005
36 desserts -2853 3048
37 whatveganseat -2838 3241
38 recipeoftheday -2825 3754
39 unlimited -2824 4180
40 sitting -2823 3616
41 f -2806 3870
42 ashley -2795 2945
43 eeeeeats -2776 3617
44 brunching -2764 4057
45 smoothies -2751 3972
46 huge -2745 4463
47 coupons -2734 3788
48 eve -2720 3493
49 carb -2717 2924
50 they're -2708 3903
51 eggsbenedict -2703 4137
52 retweet -2686 3701
53 k -2683 2976
54 oranges -2678 3044
55 byob -2670 2930
56 comfort -2662 3456
57 midtown -2645 3941
58 howto -2639 3516
59 cups -2635 4124
60 coupon -2626 3215
61 social -2621 3078
62 reservation -2615 3905
63 mdw -2604 3387
64 bloodymarys -2601 2780
65 1pm -2597 3543
66 chilaquiles -2583 3620
67 seen -2566 3282
68 overnight -2541 4095
69 latest -2533 2833
70 crunchy -2533 3781
71 once -2531 3662
72 bites -2522 4618
73 along -2520 3491
74 ❤️ -2514 4968
75 blogging -2505 3234
76 spots -2500 5023
77 march -2498 4189
78 giveaway -2498 5065
79 40 -2497 3514
80 mt -2497 4115
81 🍊 -2496 3380
82 100 -2491 4398
83 experience -2487 4002
84 friendly -2481 4176
85 near -2473 3787
86 walnuts -2467 3902
87 whip -2460 2705
88 spiced -2460 3618
89 9am -2460 4106
90 mon -2455 3285
91 truffle -2454 3381
92 traditional -2452 3042
93 change -2449 3727
94 fine -2444 4114
95 mid -2443 4162
96 mi -2442 4737
97 primal -2438 2566
98 21dayfix -2419 4161
99 took -2414 4824
100 fiber -2413 4529