z	18	2.255272505103306	9	59472.77777777778	4.774318223439374	1070510.0	85.93772802190873	134127.32052434114	10.767388619936481	209447.6086956522	-447548.6521739131	-10	neutral
food	6103	4.785543369956593	6103	87.70358839914796	1.9430173629221057	535255.0	11858.23496591361	419.7093259849445	9.298393858842426	181400.55891825855	-532153.0647490005	-5802	neutral
snack	1616	4.208441356438567	1616	331.22215346534654	2.5201193764401313	535255.0	4072.5129123272523	1393.9290088122063	10.605774606972822	172856.1310951239	-557927.4796163068	-1772	unhealthy
pasta	1540	4.1875207208364635	1540	347.5681818181818	2.541040012042236	535255.0	3913.2016185450434	1455.4489632670918	10.6406577029014	179428.10187200696	-538103.0156726164	-1514	neutral
fillet	42	2.623249290397901	42	12744.166666666666	4.105311442480798	535255.0	172.4230805841935	33431.12616504591	10.769255328350136	159437.65957446807	-598404.5319148937	-57	neutral
raisin	160	3.2041199826559246	160	3345.34375	3.524440750222774	535255.0	563.9105200356438	10718.882758228106	11.292731035475628	179540.4612159329	-537764.0817610063	-157	neutral
chutney	76	2.8808135922807914	76	7042.828947368421	3.8477471405979076	535255.0	292.428782685441	20289.077359687566	11.084642262294002	166718.7704918033	-576440.9344262294	-92	neutral
flour	156	3.1931245983544616	156	3431.121794871795	3.5354361345242373	535255.0	551.528036985781	10955.99940315524	11.289088087060556	174321.04384133613	-553508.5448851775	-167	neutral
muffin	575	3.7596678446896306	575	930.8782608695652	2.9688928881890684	535255.0	1707.1134107087144	3499.79306471191	11.162051126052168	182113.38757396452	-530002.8047337278	-540	unhealthy
patty	121	3.0827853703164503	121	4423.5950413223145	3.6457753625622487	535255.0	441.1388188700321	13636.994077592824	11.239142951167052	188272.8343023256	-511422.726744186	-102	unhealthy
cilantro	334	3.5237464668115646	334	1602.559880239521	3.2048142660671344	535255.0	1070.4079648664228	5647.014715847976	11.292952946841362	170749.92359121298	-564280.8911174786	-379	neutral
marinade	48	2.681241237375587	48	11151.145833333334	4.047319495503111	535255.0	194.27133578414936	29898.912052322292	10.8518399321771	193174.73684210525	-496636.052631579	-37	neutral
trout	101	3.0043213737826426	101	5299.554455445545	3.7242393590960563	535255.0	376.14817526870166	15921.564722020083	11.188811907614852	175521.93181818182	-549886.0454545454	-106	healthy
watercress	37	2.568201724066995	37	14466.351351351352	4.160359008811704	535255.0	153.93328332603303	37152.50848149944	10.684641179167873	186834.29245283018	-515762.11320754717	-32	healthy
meatloaf	242	3.383815365980431	242	2211.7975206611573	3.3447453668982674	535255.0	809.4283787893808	7484.314436850644	11.318000767802213	190487.80882352943	-504741.2176470589	-196	neutral
coleslaw	100	3.0	100	5352.55	3.728560732878699	535255.0	372.8560732878699	16057.650000000001	11.185682198636098	177236.75496688744	-544713.2516556291	-102	neutral
macaroni	146	3.164352855784437	146	3666.1301369863013	3.564207877094262	535255.0	520.3743500557622	11600.929368649991	11.278411374492613	180478.59122401848	-534934.1963048498	-141	unhealthy
saffron	58	2.7634279935629373	58	9228.534482758621	3.9651327393157616	535255.0	229.97769888031416	25502.390529216038	10.957358810018068	164258.14814814815	-583863.4444444445	-73	neutral
tortilla	372	3.5705429398818973	372	1438.8575268817203	3.158017792996801	535255.0	1174.78261899481	5137.502584103454	11.27583813480614	180521.17860380778	-534805.7307343608	-359	neutral
venison	40	2.6020599913279625	40	13381.375	4.126500741550736	535255.0	165.06002966202945	34819.14051645622	10.737402483774341	168584.25196850393	-570813.6771653544	-47	neutral
cherry	336	3.526339277389844	336	1593.0208333333333	3.202221455488855	535255.0	1075.9464090442552	5617.531934283634	11.292119293390822	190514.4915254237	-504660.7288135593	-272	healthy
guacamole	232	3.3654879848909	232	2307.1336206896553	3.363072747987799	535255.0	780.2328775331694	7764.630479968874	11.31838092566696	173192.6917712692	-556912.2384937239	-253	healthy
breast	466	3.66838591669	466	1148.6158798283261	3.0601748161886984	535255.0	1426.0414643439335	4213.566317248725	11.225902198316032	171901.33011716057	-560807.6533425223	-519	healthy
cheese	6226	4.794209116346496	6226	85.97092836492129	1.9343516165322023	535255.0	12043.273164529492	412.1626085078772	9.273686154198266	177866.01355678905	-542815.0821947054	-6284	unhealthy
creme	111	3.0453229787866576	111	4822.117117117117	3.6832377540920413	535255.0	408.8393907042166	14684.90406315723	11.216648568871054	161011.6666666667	-593656.512195122	-147	unhealthy
cream	1802	4.255754786643044	1802	297.0338512763596	2.4728059462356544	535255.0	4455.996315116649	1264.1032343643853	10.523655742131767	176783.26796187682	-546081.2030791788	-1852	unhealthy
eggplant	285	3.45484486000851	285	1878.0877192982457	3.2737158728701887	535255.0	933.0090237680038	6488.50170366265	11.310180456513844	188796.62747524751	-509842.6955445545	-238	healthy
crepe	129	3.110589710299249	129	4149.263565891473	3.6179710225794497	535255.0	466.718261912749	12906.656553381586	11.254023434996487	176142.5892857143	-548013.8214285714	-134	unhealthy
yeast	39	2.591064607026499	39	13724.48717948718	4.137496125852199	535255.0	161.3623489082358	35561.03298035818	10.720519773404892	210858.0303030303	-443294.09090909094	-21	neutral
crisp	143	3.155336037465062	143	3743.041958041958	3.573224695413637	535255.0	510.9711314441501	11810.555179953579	11.274724651398769	186232.27493917276	-517578.10948905104	-125	unhealthy
grub	182	3.2600713879850747	182	2940.9615384615386	3.468489344893624	535255.0	631.2650607706395	9587.744564703029	11.307522872818799	178092.15722120658	-542132.915904936	-183	neutral
brunch	6487	4.812043897930227	6487	82.51194697086481	1.916516834948472	535255.0	12432.444708310739	397.0511109274925	9.222363140894347	172095.51868556702	-560221.8801546392	-7202	neutral
liquor	22	2.342422680822206	22	24329.772727272728	4.386138052056492	535255.0	96.49503714524283	56990.61145561318	10.274189254354457	161309.72602739726	-592757.4109589041	-29	unhealthy
turkey	1670	4.222716471147583	1670	320.51197604790417	2.5058442617311156	535255.0	4184.759917090963	1353.4312004575447	10.581469838142638	180800.13147249192	-533964.2645631067	-1604	neutral
cookie	293	3.4668676203541096	293	1826.8088737201365	3.2616931125245894	535255.0	955.6760819697047	6333.304532875901	11.307858239343512	182360.13372093023	-529258.4906976745	-274	unhealthy
mandarin	27	2.4313637641589874	27	19824.25925925926	4.297196968719711	535255.0	116.0243181554322	48199.98561425625	10.448048997198947	168045.17441860464	-572439.8139534884	-32	healthy
brisket	153	3.184691430817599	153	3498.3986928104573	3.5438693020611	535255.0	542.2120032153483	11141.320338576952	11.28613019821153	176876.9222462203	-545798.6933045357	-157	unhealthy
gyro	51	2.7075701760979363	51	10495.196078431372	4.020990556780762	535255.0	205.07051839581888	28416.4798942608	10.887114109911026	181986.7	-530384.96	-48	unhealthy
crust	201	3.303196057420489	201	2662.960199004975	3.42536467545821	535255.0	688.4982997671002	8796.279630420915	11.314651091200972	181121.64141414143	-532994.4242424243	-192	neutral
mustard	407	3.60959440922522	407	1315.1228501228502	3.1189663236534786	535255.0	1269.4192937269659	4747.060087247777	11.258203404421334	174139.7162270184	-554055.5227817745	-437	neutral
turnip	24	2.380211241711606	24	22302.291666666668	4.348349491167093	535255.0	104.36038778801023	53084.16534093107	10.349990341766855	164693.84615384616	-582549.1538461539	-30	healthy
yolk	104	3.0170333392987803	104	5146.682692307692	3.7115273935799182	535255.0	385.9988489323115	15527.713269484313	11.19780188615132	172877.39130434784	-557863.3478260869	-114	neutral
kohlrabi	17	2.230448921378274	17	31485.58823529412	4.498111811500425	535255.0	76.46790079550722	70226.99631837224	10.032808638199997	197811.6304347826	-482648.7826086957	-12	healthy
hash	867	3.9380190974762104	867	617.3644752018455	2.7905416354024886	535255.0	2419.3995978939574	2431.1930934482457	10.989206252517496	179383.87514495556	-538236.4263625821	-853	unhealthy
grape	179	3.2528530309798933	179	2990.2513966480446	3.4757077018988056	535255.0	622.1516786398862	9726.848318978451	11.30596633292169	169576.3628318584	-567820.9575221238	-207	healthy
lunch	11564	5.06310808299862	11564	46.2863196125908	1.6654526498800786	535255.0	19259.294443213228	234.35263896276604	8.432366773459297	178428.61977515134	-541117.9707696743	-11562	neutral
grain	359	3.5550944485783194	359	1490.9610027855153	3.1734662843003796	535255.0	1139.2743960638363	5300.507184049549	11.281972370066747	181279.75943396226	-532517.458490566	-342	healthy
gravy	713	3.8530895298518657	713	750.7082748948106	2.8754712030268332	535255.0	2050.210967758132	2892.546193970351	11.079447985773239	180187.3536355052	-535812.7195467423	-692	neutral
green	2059	4.313656346618032	2059	259.9587178241865	2.4149043862606674	535255.0	4972.288131310715	1121.3725730009883	10.41706763226905	175996.49393165123	-548454.5206004471	-2144	healthy
herb	304	3.482873583608754	304	1760.7072368421052	3.245687149269945	535255.0	986.6888933780633	6132.32072366613	11.304318032850693	183861.604519774	-524729.2779661018	-277	neutral
pretzel	114	3.0569048513364727	114	4695.2192982456145	3.671655881542226	535255.0	418.5687704958138	14352.838650895648	11.223902676724524	179467.85294117645	-537983.1058823529	-112	unhealthy
caper	32	2.5051499783199063	32	16726.71875	4.223410754558793	535255.0	135.14914414588137	41902.93911392567	10.580277360219018	157139.08256880735	-605338.2293577981	-45	neutral
grill	495	3.694605198933569	495	1081.3232323232323	3.03395553394513	535255.0	1501.8079893028394	3995.0624358690657	11.209267889046949	178058.61895161288	-542234.0846774194	-498	unhealthy
candy	203	3.307496037913213	203	2636.7241379310344	3.421064694965486	535255.0	694.4761330779936	8720.954639277028	11.315157924043119	208955.3173076923	-449033.6576923078	-114	unhealthy
batter	58	2.7634279935629373	58	9228.534482758621	3.9651327393157616	535255.0	229.97769888031416	25502.390529216038	10.957358810018068	171518.1767955801	-561963.4419889504	-65	unhealthy
cupcake	85	2.929418925714293	85	6297.117647058823	3.799141807164406	535255.0	322.9270536089745	18446.895612743574	11.12927791137981	169132.62081784388	-569159.5130111524	-99	unhealthy
blueberry	560	3.7481880270062002	560	955.8125	2.9803727058724983	535255.0	1669.008715288599	3582.5649685628637	11.17099729216737	172961.80034622044	-557608.7264858626	-613	healthy
cucumber	400	3.6020599913279625	400	1338.1375	3.1265007415507364	535255.0	1250.6002966202946	4820.051551645622	11.261843233997114	173784.0909090909	-555128.2727272727	-432	healthy
heart	528	3.722633922533812	528	1013.7405303030303	3.0059268103448864	535255.0	1587.1293558621	3773.7848867534763	11.189965112843735	159040.31513787282	-599603.128306134	-721	neutral
celery	231	3.3636119798921444	231	2317.121212121212	3.3649487529865545	535255.0	777.303161939894	7793.896667953116	11.318381937268708	187339.25	-514238.9	-198	healthy
garnish	40	2.6020599913279625	40	13381.375	4.126500741550736	535255.0	165.06002966202945	34819.14051645622	10.737402483774341	182993.1623931624	-527348.9487179487	-37	neutral
spice	342	3.534026106056135	342	1565.0730994152048	3.1945346268225636	535255.0	1092.5308423733168	5531.009191219522	11.289568767891232	196413.31545064377	-486866.82403433474	-248	neutral
spicy	880	3.9444826721501687	880	608.2443181818181	2.7840780607285303	535255.0	2449.9886934411065	2399.2091735019753	10.981747668457132	176612.07349081367	-546597.6141732284	-907	neutral
cocktail	252	3.401400540781544	252	2124.027777777778	3.3271601920971547	535255.0	838.444368408483	7224.669231968355	11.317004476666089	179606.2050599201	-537565.7643142476	-247	unhealthy
punch	78	2.8920946026904804	78	6862.24358974359	3.836466130188218	535255.0	299.24435815468104	19846.257648244784	11.095422988522179	183920.22026431718	-524552.462555066	-71	unhealthy
appetizer	151	3.1789769472931693	151	3544.735099337748	3.5495837855855292	535255.0	535.9871516234149	11268.631165055664	11.284045026862017	173440.99785407726	-556163.2188841201	-164	neutral
puree	77	2.886490725172482	77	6951.363636363636	3.8420700077062166	535255.0	295.8393905933787	20065.046663664893	11.090099442707361	200071.0436893204	-475833.2233009709	-52	healthy
buckwheat	59	2.7708520116421442	59	9072.118644067798	3.9577087212365547	535255.0	233.50481455295673	25137.49819477146	10.966225171731965	179432.07386363635	-538091.0340909092	-58	neutral
leave	403	3.6053050461411096	403	1328.1761786600496	3.1232556867375894	535255.0	1258.6720417552485	4788.480279087493	11.260289487783947	187246.32378472222	-514519.21354166674	-346	neutral
cornmeal	37	2.568201724066995	37	14466.351351351352	4.160359008811704	535255.0	153.93328332603303	37152.50848149944	10.684641179167873	188613.6666666667	-510394.60000000003	-31	neutral
sundae	25	2.3979400086720375	25	21410.2	4.330620724206661	535255.0	108.26551810516654	51340.37517367006	10.384568696959427	193932.97101449277	-494348.8260869564	-19	unhealthy
sausage	1867	4.271144317949078	1867	286.6925549009106	2.4574164149296203	535255.0	4587.996446673601	1224.5052768633284	10.495980157461442	170649.0923838798	-564585.050204918	-2122	unhealthy
halibut	55	2.740362689494244	55	9731.90909090909	3.988198043384455	535255.0	219.350892386145	26668.96057027712	10.929109116404707	196260.16666666666	-487328.80000000005	-40	neutral
bbq	181	3.2576785748691846	181	2957.209944751381	3.4708821580095144	535255.0	628.2296705997221	9633.63947840666	11.307018442043315	177113.62888482632	-545084.6636197441	-185	unhealthy
lemon	980	3.9912260756924947	980	546.1785714285714	2.737334657186204	535255.0	2682.5879640424796	2179.92215627019	10.925321461658353	167267.1875	-574786.625	-1176	healthy
cod	149	3.173186268412274	149	3592.3154362416108	3.555374464466425	535255.0	529.7507952054973	11399.086014087326	11.281865429708501	160792.32862903227	-594318.1491935484	-198	healthy
turmeric	40	2.6020599913279625	40	13381.375	4.126500741550736	535255.0	165.06002966202945	34819.14051645622	10.737402483774341	196423.85321100918	-486835.03669724765	-29	neutral
dip	273	3.436162647040756	273	1960.6410256410256	3.292398085837943	535255.0	898.8246774337584	6737.081456563369	11.313215321744824	186621.47509578543	-516404.08045977005	-237	neutral
dog	319	3.503790683057181	319	1677.9153605015674	3.2247700498215175	535255.0	1028.701645893064	5879.064207083923	11.298919255566474	177675.69719042664	-543389.174817898	-323	neutral
dry	113	3.0530784434834195	113	4736.769911504425	3.675482289395279	535255.0	415.3294987016665	14461.730108555024	11.221535747157814	190800.6782334385	-503797.44164037856	-91	neutral
eel	17	2.230448921378274	17	31485.58823529412	4.498111811500425	535255.0	76.46790079550722	70226.99631837224	10.032808638199997	174987.21153846153	-551499.0384615385	-18	healthy
egg	3903	4.591398551281248	3903	137.13937996413014	2.13716218159745	535255.0	8341.343994774847	629.6615504909157	9.812563344439603	172353.78805379092	-559442.8061216072	-4315	neutral
fat	595	3.7745169657285498	595	899.5882352941177	2.954043767150149	535255.0	1757.6560414543387	3395.511056287454	11.150088316612916	170035.62466631076	-566435.586225307	-683	unhealthy
fig	88	2.9444826721501687	88	6082.443181818182	3.7840780607285303	535255.0	332.9988693441107	17909.648553201576	11.14215227987877	196260.16666666666	-487328.80000000005	-64	healthy
fennel	168	3.225309281725863	168	3186.0416666666665	3.5032514511528356	535255.0	588.5462437936764	10275.969759465337	11.29906942162284	186949.7713097713	-515413.76923076913	-145	neutral
fry	483	3.683947130751512	483	1108.1884057971015	3.044613602127187	535255.0	1470.5483698274313	4082.5074978683247	11.216195543803476	184136.86965811966	-523898.9358974359	-438	unhealthy
ham	923	3.965201701025912	923	579.9079089924161	2.7633590318527865	535255.0	2550.580386400122	2299.451827175108	10.957275933647987	180438.40942293647	-535055.4054054053	-892	neutral
hot	2140	4.330413773349191	2140	250.11915887850466	2.398146959529508	535255.0	5132.034493393147	1083.1194505859912	10.384968624062067	180328.3532745592	-535387.3916876575	-2072	neutral
ice	696	3.842609239610562	696	769.044540229885	2.8859514932681365	535255.0	2008.622239314623	2955.1376559594128	11.08958387310004	169643.66120218582	-567617.9508196721	-804	unhealthy
jam	374	3.5728716022004803	374	1431.1631016042782	3.1556891306782187	535255.0	1180.2277348736538	5113.362003839086	11.274872080372928	182152.29299363057	-529885.4458598725	-351	unhealthy
vinegar	152	3.1818435879447726	152	3521.4144736842104	3.5467171449339263	535255.0	539.1010060299568	11204.59006358802	11.285099205861805	186175.65217391303	-517748.91304347833	-133	neutral
burger	1448	4.160768561861128	1448	369.65124309392263	2.5677921710175706	535255.0	3718.163063633442	1538.0332711180788	10.683988938563042	177763.58715596332	-543124.0532110092	-1464	unhealthy
lox	70	2.845098040014257	70	7646.5	3.883462692864442	535255.0	271.84238850051094	21755.042162969017	11.048832095937112	169537.78280542986	-567937.3348416289	-81	healthy
frozen	311	3.4927603890268375	311	1721.0771704180065	3.2358003438518614	535255.0	1006.3339069379289	6011.310167294405	11.301875267805203	167132.8363453815	-575191.8975903615	-374	unhealthy
nut	167	3.2227164711475833	167	3205.119760479042	3.5058442617311156	535255.0	585.4759917090963	10329.192244096404	11.298342047559105	171240.58429118773	-562800.8045977012	-188	healthy
peach	252	3.401400540781544	252	2124.027777777778	3.3271601920971547	535255.0	838.444368408483	7224.669231968355	11.317004476666089	191869.50213371267	-500573.3157894737	-199	healthy
tomato	1889	4.2762319579218335	1889	283.35362625727896	2.452328774956865	535255.0	4632.449055893518	1211.6858319944154	10.486726678801846	182081.16243471997	-530100.0124257158	-1775	healthy
oat	101	3.0043213737826426	101	5299.554455445545	3.7242393590960563	535255.0	376.14817526870166	15921.564722020083	11.188811907614852	170002.37421383648	-566535.8867924528	-116	neutral
oil	759	3.88024177589548	759	705.2108036890645	2.8483189569832184	535255.0	2161.874088350263	2736.3884212871344	11.052166207961324	170553.54534005036	-564873.2695214106	-864	neutral
pea	150	3.1760912590556813	150	3568.366666666667	3.5524694738230176	535255.0	532.8704210734527	11333.458179105659	11.282967243871422	180018.49775784754	-536322.0762331838	-146	healthy
pie	738	3.8680563618230415	738	725.2777777777778	2.860504371055657	535255.0	2111.0522258390747	2805.415322422212	11.064592130484453	186769.82978723405	-515956.5659574468	-639	unhealthy
pop	209	3.3201462861110542	209	2561.028708133971	3.4084144467676447	535255.0	712.3586193744377	8502.989953934795	11.31643456696286	182493.14029363784	-528857.2740619901	-195	neutral
pot	596	3.7752462597402365	596	898.0788590604027	2.9533144731384624	535255.0	1760.1754259905235	3390.4688536195645	11.149489418552687	194519.5	-492579.55121951224	-448	neutral
rosemary	227	3.3560258571931225	227	2357.95154185022	3.372534875685576	535255.0	765.5654167806257	7913.34634445773	11.318314247086386	181890.5464071856	-530675.0089820359	-214	neutral
grease	33	2.5185139398778875	33	16219.848484848484	4.210046793000811	535255.0	138.93154416902675	40849.91451179814	10.603061535710738	183993.90625	-524330.1875	-30	unhealthy
squid	48	2.681241237375587	48	11151.145833333334	4.047319495503111	535255.0	194.27133578414936	29898.912052322292	10.8518399321771	183516.0	-525771.8	-44	healthy
lasagna	288	3.459392487759231	288	1858.5243055555557	3.269168245119468	535255.0	941.5204545944067	6429.365020956831	11.309336068387315	165046.5096359743	-581485.3383297644	-358	unhealthy
pecan	159	3.2013971243204513	159	3366.383647798742	3.527163608558247	535255.0	560.8190137607613	10777.130929422283	11.29185143344612	199778.27464788733	-476716.36619718315	-108	healthy
rib	232	3.3654879848909	232	2307.1336206896553	3.363072747987799	535255.0	780.2328775331694	7764.630479968874	11.31838092566696	181019.18367346938	-533303.4897959185	-222	unhealthy
tarragon	30	2.4771212547196626	30	17841.833333333332	4.251439478159036	535255.0	127.54318434477109	44196.384573165764	10.53133109450202	158986.63366336632	-599765.0594059406	-41	neutral
roe	24	2.380211241711606	24	22302.291666666668	4.348349491167093	535255.0	104.36038778801023	53084.16534093107	10.349990341766855	221484.8275862069	-411238.1724137931	-10	healthy
omelet	702	3.846337112129805	702	762.4715099715099	2.8822236207488934	535255.0	2023.3209817657232	2932.7224657450693	11.086003677943609	175174.36363636365	-550934.4909090908	-741	neutral
rye	104	3.0170333392987803	104	5146.682692307692	3.7115273935799182	535255.0	385.9988489323115	15527.713269484313	11.19780188615132	158143.52272727274	-602308.3181818182	-144	healthy
soy	241	3.3820170425748683	241	2220.97510373444	3.3465436903038306	535255.0	806.5170293632232	7511.375651964362	11.318067794328947	173382.3319892473	-556340.185483871	-262	healthy
sub	210	3.322219294733919	210	2548.8333333333335	3.4063414381447794	535255.0	715.3317020104037	8467.783279060972	11.316613250256273	184874.25986842104	-521674.5855263157	-188	unhealthy
tea	1077	4.0322157032979815	1077	496.9870009285051	2.696345029580717	535255.0	2903.963596858432	2003.9587894788867	10.872244769784828	178861.19609059882	-539813.0968042196	-1069	healthy
oyster	89	2.949390006644913	89	6014.101123595506	3.779170726233786	535255.0	336.346194634807	17737.929752884527	11.146248373358926	170744.4265232975	-564297.4731182796	-101	healthy
yam	40	2.6020599913279625	40	13381.375	4.126500741550736	535255.0	165.06002966202945	34819.14051645622	10.737402483774341	214102.0	-433508.6	-20	healthy
cumin	54	2.7323937598229686	54	9912.12962962963	3.9961669730557303	535255.0	215.79301654500944	27083.84114655635	10.919101700388119	164225.9659090909	-583960.5227272727	-68	neutral
potato	2081	4.318272080211627	2081	257.2104757328208	2.410288652667072	535255.0	5015.810686200177	1110.7048160949903	10.408282194063116	179568.86264710623	-537678.4083507981	-2041	neutral
asparagus	1103	4.042575512440191	1103	485.27198549410696	2.685985220438508	535255.0	2962.641698143674	1961.7486454317084	10.858298078920981	165143.0111888112	-581194.2397202798	-1369	healthy
junk	26	2.414973347970818	26	20586.73076923077	4.313587384907881	535255.0	112.1532720076049	49716.40612954309	10.417198568695671	167670.24096385544	-573570.8072289156	-31	unhealthy
gourmet	121	3.0827853703164503	121	4423.5950413223145	3.6457753625622487	535255.0	441.1388188700321	13636.994077592824	11.239142951167052	163138.17380352644	-587241.8664987406	-155	neutral
sandwich	2985	4.474944335465388	2985	179.3149078726968	2.2536163974133108	535255.0	6727.044946278733	802.4242312494224	10.08480793191661	178219.31678750698	-541749.3368655883	-2995	neutral
chilli	63	2.7993405494535817	63	8496.111111111111	3.9292201834251173	535255.0	247.5408715557824	23783.50834599646	10.999225387193372	154683.7844036697	-612744.6788990826	-92	unhealthy
tenderloin	141	3.1492191126553797	141	3796.1347517730496	3.579341620223319	535255.0	504.68716845148793	11954.860114498973	11.27213104113015	192038.0534351145	-500064.87786259543	-111	neutral
curry	493	3.69284691927723	493	1085.709939148073	3.0357138136014687	535255.0	1496.606910105524	4009.3606040116306	11.210426404365515	171239.91888384166	-562802.8118105126	-555	neutral
scallion	76	2.8808135922807914	76	7042.828947368421	3.8477471405979076	535255.0	292.428782685441	20289.077359687566	11.084642262294002	189206.41860465115	-508606.5534883721	-63	healthy
cheeseburger	132	3.12057393120585	132	4054.962121212121	3.607986801672849	535255.0	476.25425782081606	12653.80908748172	11.258989557435063	181628.94601542418	-531464.1311053984	-125	unhealthy
tomatoe	25	2.3979400086720375	25	21410.2	4.330620724206661	535255.0	108.26551810516654	51340.37517367006	10.384568696959427	205867.30769230772	-458348.69230769225	-15	healthy
guava	25	2.3979400086720375	25	21410.2	4.330620724206661	535255.0	108.26551810516654	51340.37517367006	10.384568696959427	173784.0909090909	-555128.2727272727	-27	healthy
kale	1110	4.045322978786658	1110	482.2117117117117	2.6832377540920413	535255.0	2978.393907042166	1950.7021180274346	10.854563344176437	170238.69627507162	-565823.0171919771	-1270	healthy
cabbage	452	3.655138434811382	452	1184.1924778761063	3.0734222980673165	535255.0	1389.186878726427	4328.387440099484	11.233783968072172	175315.40579710144	-550509.0347826086	-476	healthy
biscuit	359	3.5550944485783194	359	1490.9610027855153	3.1734662843003796	535255.0	1139.2743960638363	5300.507184049549	11.281972370066747	169003.11785400176	-569550.1609498682	-419	unhealthy
millet	26	2.414973347970818	26	20586.73076923077	4.313587384907881	535255.0	112.1532720076049	49716.40612954309	10.417198568695671	165674.1666666667	-579592.0	-32	healthy
calzone	27	2.4313637641589874	27	19824.25925925926	4.297196968719711	535255.0	116.0243181554322	48199.98561425625	10.448048997198947	215699.776119403	-428688.8805970149	-13	unhealthy
avocado	1826	4.26150077319828	1826	293.12979189485213	2.4670599596804186	535255.0	4504.851486376444	1249.1728348073634	10.513377925704622	172650.70305599718	-558547.1568627451	-2009	healthy
coconut	793	3.8992731873176036	793	674.9747793190417	2.829287545561095	535255.0	2243.6250236299484	2631.911059114356	11.03216506561801	169376.38268156422	-568424.2011173185	-920	healthy
kiwi	72	2.8573324964312685	72	7434.097222222223	3.8712282364474304	535255.0	278.728433024215	21241.687574684984	11.061386241103554	154153.44	-614344.4720000001	-106	healthy
apricot	62	2.792391689498254	62	8633.145161290322	3.936169043380445	535255.0	244.0424806895876	24107.122802619157	10.991325725195846	203593.92638036812	-465206.3865030674	-39	healthy
salsa	753	3.8767949762007006	753	710.8300132802125	2.8517657566779984	535255.0	2147.379614778533	2755.742224417405	11.055711158790453	170638.0249788315	-564618.4352243862	-856	neutral
salad	6230	4.79448804665917	6230	85.91573033707866	1.9340726862195292	535255.0	12049.272835147667	411.9219421211163	9.272888375449524	175710.75192327957	-549316.4663294341	-6518	healthy
buttermilk	170	3.230448921378274	170	3148.5588235294117	3.498111811500425	535255.0	594.6790079550722	10171.258455366637	11.300471528322149	168194.73197781885	-571988.6709796672	-201	neutral
platter	153	3.184691430817599	153	3498.3986928104573	3.5438693020611	535255.0	542.2120032153483	11141.320338576952	11.28613019821153	172046.25	-560370.5	-170	neutral
nachos	138	3.1398790864012365	138	3878.659420289855	3.588681646477462	535255.0	495.23806721388974	12178.52159704126	11.268026449526538	160576.5	-594969.2	-184	unhealthy
bread	2389	4.378216149749878	2389	224.04981163666807	2.350344583128821	535255.0	5614.973209094754	980.9385036560784	10.29031661133175	175191.6968077819	-550882.2050965885	-2521	neutral
roast	605	3.781755374652469	605	884.7190082644628	2.94680535822623	535255.0	1782.817241726869	3345.7908645613343	11.14409700152674	186215.79930994823	-517627.8085106383	-529	neutral
pepper	1239	4.093071306376063	1239	432.00564971751413	2.635489426502635	535255.0	3265.371399436765	1768.2299290511055	10.787246149875443	175074.1671066526	-551236.7354804646	-1310	healthy
supper	379	3.578639209968072	379	1412.2823218997362	3.1499215229106263	535255.0	1193.8202571831273	5054.048892695147	11.27243267021031	174730.0990525409	-552274.6227390182	-403	neutral
sauce	2895	4.461648568063455	2895	184.88946459412782	2.2669121648152437	535255.0	6562.71071714013	824.9118149564092	10.11416541407356	176307.11400614405	-547517.5297531006	-2999	neutral
poppyseed	24	2.380211241711606	24	22302.291666666668	4.348349491167093	535255.0	104.36038778801023	53084.16534093107	10.349990341766855	169027.8947368421	-569475.4210526316	-28	healthy
broil	28	2.4471580313422194	28	19116.25	4.2814027015364795	535255.0	119.87927564302143	46780.484716645704	10.477269006475272	180567.9518072289	-534664.6385542168	-27	neutral
ingredient	101	3.0043213737826426	101	5299.554455445545	3.7242393590960563	535255.0	376.14817526870166	15921.564722020083	11.188811907614852	159943.06213017754	-596879.976331361	-136	neutral
broth	112	3.0492180226701815	112	4779.0625	3.679342710208517	535255.0	412.0863835433539	14572.403506467213	11.219118103547961	186175.65217391303	-517748.91304347833	-98	neutral
butter	2172	4.336859820916809	2172	246.43416206261512	2.3917009119618893	535255.0	5194.774380781224	1068.7504159506568	10.372471588737607	169471.4081632653	-568137.5551020408	-2516	neutral
walnut	168	3.225309281725863	168	3186.0416666666665	3.5032514511528356	535255.0	588.5462437936764	10275.969759465337	11.29906942162284	186175.65217391303	-517748.91304347833	-147	healthy
lamb	308	3.4885507165004443	308	1737.840909090909	3.2400100163782546	535255.0	997.9230850445024	6062.546148572874	11.302939264104976	178032.98056155507	-542311.423326134	-310	neutral
spaghetti	647	3.8109042806687006	647	827.2874806800618	2.9176564522099984	535255.0	1887.723724579869	3152.7134014672724	11.118909463247737	183718.824933687	-525159.975066313	-591	neutral
bacon	3748	4.573799582215741	3748	142.81083244397013	2.1547611506629583	535255.0	8076.044792684767	653.1881257681127	9.855445650676947	172008.5518305753	-560484.2171825431	-4167	unhealthy
scramble	482	3.6830470382388496	482	1110.48755186722	3.0455136946398493	535255.0	1467.9376008164074	4089.977888905675	11.216770192959153	174791.94444444444	-552088.0650406505	-512	healthy
leaf	56	2.7481880270062007	56	9558.125	3.9803727058724983	535255.0	222.9008715288599	26267.524685628643	10.938812613301073	160290.26737967914	-595832.6256684492	-75	neutral
sesame	178	3.250420002308894	178	3007.050561797753	3.478140730569805	535255.0	619.1090500414252	9774.177294021612	11.305418201489363	169529.1637010676	-567963.334519573	-206	healthy
leek	94	2.9731278535996983	94	5694.202127659574	3.755432879279	535255.0	353.010690652226	16929.590949771344	11.165382095708509	183627.62773722628	-525435.0729927006	-86	healthy
season	492	3.69196510276736	492	1087.9166666666667	3.0365956301113384	535255.0	1494.0050500147786	4016.5503680523243	11.211005097586924	195360.13353115728	-490043.76557863504	-364	neutral
bagel	690	3.838849090737255	690	775.731884057971	2.8897116421414433	535255.0	1993.901033077596	2977.91763777184	11.09316690992754	181844.3870014771	-530814.2496307238	-651	unhealthy
cheesecake	110	3.041392685158225	110	4865.954545454545	3.6871680477204736	535255.0	405.5884852492521	14799.278560857869	11.214125929286181	186322.9430379747	-517304.6075949367	-96	unhealthy
blackberry	69	2.838849090737255	69	7757.31884057971	3.8897116421414433	535255.0	268.3901033077596	22021.857537138687	11.042304358523353	172582.21962616823	-558753.738317757	-76	healthy
relish	77	2.886490725172482	77	6951.363636363636	3.8420700077062166	535255.0	295.8393905933787	20065.046663664893	11.090099442707361	189057.95871559632	-509054.38532110094	-64	unhealthy
dessert	576	3.760422483423212	576	929.2621527777778	2.9681382494554867	535255.0	1709.6476316863602	3494.4182922998116	11.161453807160825	185058.1512605042	-521119.87394957984	-514	unhealthy
bourbon	93	2.968482948553935	93	5755.430107526881	3.7600777843247637	535255.0	349.687233942203	17084.896135787487	11.16172678800452	172244.68858131487	-559771.9065743944	-103	unhealthy
lime	393	3.5943925503754266	393	1361.972010178117	3.134168182503272	535255.0	1231.7280957237858	4895.462047204069	11.26543076681345	176324.57250628667	-547464.8658843252	-407	healthy
brocolli	20	2.3010299956639813	20	26762.75	4.427530737214718	535255.0	88.55061474429435	61581.89051645622	10.187881033055325	178418.3333333333	-541149.0	-20	healthy
water	824	3.9159272116971158	824	649.5813106796116	2.812633521181583	535255.0	2317.6100214536245	2543.7131307001696	11.014068142126437	174673.31485148516	-552445.9132673268	-877	neutral
loaf	118	3.0718820073061255	118	4536.059322033899	3.6566787255725735	535255.0	431.4880896175637	13934.239015429155	11.232885583585482	196760.40498442366	-485819.82242990646	-85	neutral
hotdog	53	2.724275869600789	53	10099.150943396226	4.00428486327791	535255.0	212.22709775372923	27512.873218550383	10.908776628035705	167861.03550295858	-572995.272189349	-63	unhealthy
vodka	121	3.0827853703164503	121	4423.5950413223145	3.6457753625622487	535255.0	441.1388188700321	13636.994077592824	11.239142951167052	168223.0	-571903.4	-143	unhealthy
sirloin	76	2.8808135922807914	76	7042.828947368421	3.8477471405979076	535255.0	292.428782685441	20289.077359687566	11.084642262294002	159526.98039215687	-598135.094117647	-103	neutral
basil	565	3.7520484478194387	565	947.3539823008849	2.9765122850592602	535255.0	1681.729441058482	3554.5180388275994	11.168018299072088	182399.92460796138	-529138.4607961399	-528	neutral
papaya	52	2.7160033436347994	52	10293.365384615385	4.0125573892438995	535255.0	208.65298424068277	27956.81480187009	10.898119285712953	184326.2251655629	-523327.7417218543	-47	healthy
steak	1604	4.205204363948145	1604	333.7001246882793	2.523356368930554	535255.0	4047.463615764608	1403.277220589192	10.61122921442311	176910.9870183392	-545695.9363280445	-1645	neutral
shellfish	18	2.255272505103306	18	29736.38888888889	4.4732882277753925	535255.0	80.51918809995706	67063.66026217057	10.088483947504137	172046.25	-560370.5	-20	healthy
custard	30	2.4771212547196626	30	17841.833333333332	4.251439478159036	535255.0	127.54318434477109	44196.384573165764	10.53133109450202	178418.3333333333	-541149.0	-30	unhealthy
fritter	19	2.278753600952829	19	28171.315789473683	4.44980713192587	535255.0	84.54633550659153	64195.48729884244	10.140014025421657	172370.2542372881	-559393.1355932202	-21	unhealthy
fruit	1394	4.144262773761991	1394	383.97058823529414	2.584297959116708	535255.0	3602.511355008691	1591.2750150430234	10.71000982827646	175687.65481516367	-549386.1391570519	-1459	healthy
oregano	47	2.6720978579357175	47	11388.404255319148	4.056462874942981	535255.0	190.6537551223201	30430.930615944308	10.839265758930901	196538.9453125	-486487.859375	-34	neutral
cappuccino	48	2.681241237375587	48	11151.145833333334	4.047319495503111	535255.0	194.27133578414936	29898.912052322292	10.8518399321771	158594.07407407407	-600949.2222222222	-66	unhealthy
mash	202	3.305351369446624	202	2649.7772277227723	3.423209363432075	535255.0	691.4882914132792	8758.444788381945	11.314909757322715	189354.6584938704	-508159.3852889667	-167	neutral
stuff	509	3.7067177823367587	509	1051.581532416503	3.02184295054194	535255.0	1538.1180618258475	3897.9159657851906	11.20111900020279	171133.665201005	-563123.3278894473	-574	neutral
peanut	878	3.9434945159061026	878	609.629840546697	2.785066216972596	535255.0	2445.288138501939	2404.071932928611	10.982893353066787	159848.26190476192	-597165.9428571429	-1184	healthy
caramel	191	3.2810333672477277	191	2802.3821989528797	3.4475273656309713	535255.0	658.4777268355156	9194.709502545458	11.311452321134874	162792.52388535033	-588284.525477707	-246	unhealthy
meat	720	3.8573324964312685	720	743.4097222222222	2.8712282364474304	535255.0	2067.2843302421497	2867.57847969072	11.075281981119716	178583.68860055605	-540650.2029657089	-718	neutral
milk	1330	4.123851640967086	1330	402.44736842105266	2.604709091911613	535255.0	3464.2630922424455	1659.6332406660433	10.741433862921594	169336.14414843006	-568545.5813510942	-1544	neutral
mint	215	3.3324384599156054	215	2489.5581395348836	3.3961222729630935	535255.0	730.1662886870652	8296.299292381987	11.317368476998217	175426.5625	-550173.7286585366	-226	unhealthy
cinnamon	1201	4.079543007402906	1201	445.6744379683597	2.6490177254757925	535255.0	3181.4702882964266	1818.148036992042	10.80678173845112	164788.83747756985	-582262.6108690079	-1499	neutral
scone	68	2.8325089127062366	68	7871.39705882353	3.8960518201724623	535255.0	264.9315237717274	22295.802324567307	11.035601505003855	168506.2037037037	-571049.1111111111	-80	unhealthy
savory	318	3.5024271199844326	318	1683.191823899371	3.226133612894266	535255.0	1025.9104889003765	5895.256692161218	11.299297858494237	178418.3333333333	-541149.0	-318	neutral
milkshake	68	2.8325089127062366	68	7871.39705882353	3.8960518201724623	535255.0	264.9315237717274	22295.802324567307	11.035601505003855	182901.20603015073	-527626.3366834171	-63	unhealthy
hummus	388	3.5888317255942073	388	1379.5231958762886	3.1397290072844917	535255.0	1218.2148548263829	4950.8766115539365	11.26795907111099	172204.75953565506	-559892.3532338309	-430	healthy
chocolate	1372	4.137354111370733	1372	390.1275510204082	2.591206621507966	535255.0	3555.1354847089297	1614.0958271732814	10.72073936890705	175267.26968973747	-550654.2381861575	-1446	unhealthy
sugar	661	3.82020145948564	661	809.7655068078668	2.9083592733930583	535255.0	1922.4254797128115	3093.467370948542	11.110518340924758	177523.10837932763	-543849.4616156549	-671	unhealthy
whiskey	40	2.6020599913279625	40	13381.375	4.126500741550736	535255.0	165.06002966202945	34819.14051645622	10.737402483774341	151845.390070922	-621306.7446808511	-61	unhealthy
liver	33	2.5185139398778875	33	16219.848484848484	4.210046793000811	535255.0	138.93154416902675	40849.91451179814	10.603061535710738	191993.6413043478	-500198.8478260869	-26	neutral
edible	45	2.653212513775344	45	11894.555555555555	4.075348219103355	535255.0	183.39066985965098	31558.783645796037	10.812764892917084	172046.25	-560370.5	-50	neutral
coffee	2319	4.365300748637988	2319	230.8128503665373	2.3632599842407114	535255.0	5480.399903454209	1007.5675085003131	10.316340578432175	181020.32156919935	-533300.057313694	-2219	unhealthy
pastry	135	3.130333768495006	135	3964.8518518518517	3.598226964383693	535255.0	485.76064019179853	12411.30963893181	11.26365137331955	184335.26785714287	-523300.4642857143	-122	unhealthy
cranberry	158	3.1986570869544226	158	3387.6898734177216	3.5299036459242763	535255.0	557.7247760560357	10836.058222011327	11.29095131330194	192643.02961275625	-498239.9567198178	-123	healthy
sushi	605	3.781755374652469	605	884.7190082644628	2.94680535822623	535255.0	1782.817241726869	3345.7908645613343	11.14409700152674	171610.63857975623	-561684.5294117647	-677	neutral
strudel	27	2.4313637641589874	27	19824.25925925926	4.297196968719711	535255.0	116.0243181554322	48199.98561425625	10.448048997198947	158811.92307692306	-600292.076923077	-37	unhealthy
apple	1339	4.126780577012009	1339	399.7423450336072	2.60178015586669	535255.0	3483.783628705498	1649.6489452939231	10.736975812885934	183488.59318996416	-525854.4731182795	-1228	healthy
almond	753	3.8767949762007006	753	710.8300132802125	2.8517657566779984	535255.0	2147.379614778533	2755.742224417405	11.055711158790453	169561.2179217501	-567866.6424063945	-871	healthy
raspberry	213	3.3283796034387376	213	2512.9342723004693	3.400181129439961	535255.0	724.2385805707116	8363.999176707048	11.317093519225256	175669.2064714946	-549441.7889060093	-223	healthy
lettuce	623	3.7944880466591697	623	859.1573033707865	2.934072686219529	535255.0	1827.9272835147667	3260.0621178403753	11.133303735889164	177942.29722518678	-542584.9711846318	-628	healthy
pilaf	75	2.8750612633917	75	7136.733333333334	3.853499469486999	535255.0	289.0124602115249	20518.545553822994	11.079047053222537	175301.8558951965	-550549.9082969432	-79	healthy
baguette	113	3.0530784434834195	113	4736.769911504425	3.675482289395279	535255.0	415.3294987016665	14461.730108555024	11.221535747157814	176853.26023391815	-545870.0701754387	-116	unhealthy
thyme	104	3.0170333392987803	104	5146.682692307692	3.7115273935799182	535255.0	385.9988489323115	15527.713269484313	11.19780188615132	173957.875	-554604.05	-112	neutral
chard	112	3.0492180226701815	112	4779.0625	3.679342710208517	535255.0	412.0863835433539	14572.403506467213	11.219118103547961	177362.60355029587	-544333.6272189349	-114	healthy
pizza	2039	4.30941722577814	2039	262.5085826385483	2.419143507100559	535255.0	4932.6336109780395	1131.2590079371646	10.42509870112849	172007.08353033886	-560488.6463356974	-2267	unhealthy
nectar	30	2.4771212547196626	30	17841.833333333332	4.251439478159036	535255.0	127.54318434477109	44196.384573165764	10.53133109450202	195825.0	-488641.48780487804	-22	unhealthy
oxtail	21	2.3222192947339195	21	25488.333333333332	4.406341438144779	535255.0	92.53317020104036	59189.49945727638	10.232491106845414	178418.3333333333	-541149.0	-21	neutral
chili	789	3.89707700320942	789	678.3967046894803	2.8314837296692783	535255.0	2234.0406627090606	2643.764196898426	11.034510127855784	180169.02517064844	-535868.0076791808	-766	neutral
chill	110	3.041392685158225	110	4865.954545454545	3.6871680477204736	535255.0	405.5884852492521	14799.278560857869	11.214125929286181	176810.96096096095	-545997.6666666667	-113	neutral
chick	126	3.100370545117563	126	4248.055555555556	3.628190187761136	535255.0	457.15196365790314	13170.54631846747	11.248733990219186	179845.68000000002	-536843.384	-123	neutral
chive	76	2.8808135922807914	76	7042.828947368421	3.8477471405979076	535255.0	292.428782685441	20289.077359687566	11.084642262294002	166718.7704918033	-576440.9344262294	-92	neutral
applesauce	48	2.681241237375587	48	11151.145833333334	4.047319495503111	535255.0	194.27133578414936	29898.912052322292	10.8518399321771	159579.13043478262	-597977.7826086957	-65	healthy
marrow	27	2.4313637641589874	27	19824.25925925926	4.297196968719711	535255.0	116.0243181554322	48199.98561425625	10.448048997198947	170022.17647058822	-566476.1529411766	-31	neutral
okra	72	2.8573324964312685	72	7434.097222222223	3.8712282364474304	535255.0	278.728433024215	21241.687574684984	11.061386241103554	182646.25592417063	-528395.3981042654	-67	healthy
barbecue	51	2.7075701760979363	51	10495.196078431372	4.020990556780762	535255.0	205.07051839581888	28416.4798942608	10.887114109911026	173872.6433121019	-554861.152866242	-55	unhealthy
sweet	2500	4.3979400086720375	2500	214.102	2.330620724206661	535255.0	5826.551810516653	941.6077517367006	10.249930128028673	177283.71754107048	-544571.588235294	-2548	neutral
cashew	76	2.8808135922807914	76	7042.828947368421	3.8477471405979076	535255.0	292.428782685441	20289.077359687566	11.084642262294002	174589.61373390557	-552698.3991416309	-81	healthy
oreo	18	2.255272505103306	18	29736.38888888889	4.4732882277753925	535255.0	80.51918809995706	67063.66026217057	10.088483947504137	166113.6206896552	-578266.3793103448	-22	unhealthy
ramen	222	3.346352974450639	222	2411.0585585585586	3.38220775842806	535255.0	750.8501223710293	8068.252979007102	11.318060992625767	180040.31818181818	-536256.2545454546	-216	unhealthy
popcorn	190	3.278753600952829	190	2817.1315789473683	3.4498071319258696	535255.0	655.4633550659153	9236.680308831612	11.311067556394695	172078.5956006768	-560272.9289340101	-211	neutral
swiss	109	3.037426497940624	109	4910.59633027523	3.691134234938075	535255.0	402.3336316082502	14915.57541426797	11.2115489326567	177874.375	-542789.8597560975	-110	neutral
protein	1216	4.084933574936716	1216	440.1768092105263	2.6436271579419826	535255.0	3214.650624057451	1798.0930268525922	10.799041337091735	174075.9775341	-554247.791655523	-1307	neutral
pancake	636	3.803457115648414	636	841.5959119496855	2.9251036172302847	535255.0	1860.3659005584611	3200.973959805647	11.12550616696344	166302.97020029312	-577695.2032242306	-775	unhealthy
lemonade	148	3.1702617153949575	148	3616.587837837838	3.5582990174837414	535255.0	526.6282545875937	11465.529962660325	11.280739147056199	177618.25112107623	-543562.461883408	-150	unhealthy
cider	127	3.103803720955957	127	4214.606299212598	3.6247570119227417	535255.0	460.3441405141882	13081.310713860477	11.250534301167	188303.00554016622	-511331.71468144044	-107	neutral
sauerkraut	62	2.792391689498254	62	8633.145161290322	3.936169043380445	535255.0	244.0424806895876	24107.122802619157	10.991325725195846	165103.53233830846	-581313.328358209	-77	healthy
pate	18	2.255272505103306	18	29736.38888888889	4.4732882277753925	535255.0	80.51918809995706	67063.66026217057	10.088483947504137	200720.625	-473873.75	-12	unhealthy
zucchini	536	3.72916478969277	536	998.6100746268656	2.9993959431859287	535255.0	1607.6762255476579	3723.9815289309768	11.185241741676302	183908.12820512822	-524588.9384615384	-488	healthy
pear	185	3.2671717284030137	185	2893.2702702702704	3.4613890044756848	535255.0	640.3569658280016	9452.810829655975	11.30895229642801	171615.554592721	-561669.7001733102	-207	healthy
enchilada	65	2.8129133566428557	65	8234.692307692309	3.9156473762358432	535255.0	254.51707945532982	23163.475980151874	11.014376804517356	168891.14077669903	-569887.9417475729	-76	unhealthy
pepperoni	126	3.100370545117563	126	4248.055555555556	3.628190187761136	535255.0	457.15196365790314	13170.54631846747	11.248733990219186	172486.26598465472	-559043.1841432226	-139	unhealthy
pita	179	3.2528530309798933	179	2990.2513966480446	3.4757077018988056	535255.0	622.1516786398862	9726.848318978451	11.30596633292169	167501.12762237762	-574080.9405594406	-214	neutral
juice	1080	4.03342375548695	1080	495.60648148148147	2.695136977391749	535255.0	2910.747935583089	1998.9909557807107	10.870629508903177	179359.4166925225	-538310.2057089668	-1063	unhealthy
juicy	138	3.1398790864012365	138	3878.659420289855	3.588681646477462	535255.0	495.23806721388974	12178.52159704126	11.268026449526538	211648.10888252148	-440910.8051575931	-73	neutral
plum	59	2.7708520116421442	59	9072.118644067798	3.9577087212365547	535255.0	233.50481455295673	25137.49819477146	10.966225171731965	210533.63333333333	-444272.64	-32	healthy
freeze	43	2.633468455579586	43	12447.790697674418	4.095092277299112	535255.0	176.08896792386182	32780.86414398259	10.784296334954783	147538.2371794872	-634299.346153846	-70	unhealthy
ravioli	182	3.2600713879850747	182	2940.9615384615386	3.468489344893624	535255.0	631.2650607706395	9587.744564703029	11.307522872818799	177120.74545454545	-545063.1963636363	-186	neutral
shrimp	1370	4.136720567156407	1370	390.6970802919708	2.591840165722292	535255.0	3550.82102703954	1616.2046475717536	10.721718520325474	178028.48992473903	-542324.9694100509	-1379	healthy
squash	973	3.988112840268352	973	550.1079136690647	2.7404478926103466	535255.0	2666.455799509867	2193.892434036831	10.92921542860567	190143.52500912742	-505779.7557502737	-793	healthy
vitamin	73	2.863322860120456	73	7332.260273972603	3.865237872758243	535255.0	282.16236471135176	20994.62845881883	11.06742396087204	191537.32843137256	-501575.3235294118	-58	healthy
carrot	281	3.44870631990508	281	1904.8220640569396	3.2798544129736187	535255.0	921.6390900455868	6569.171890607806	11.311254642390685	170529.0873015873	-564947.0476190477	-320	healthy
pork	1739	4.240299582002713	1739	307.79470960322027	2.4882611508759864	535255.0	4327.08614137334	1305.1417784731814	10.550972717973035	178418.3333333333	-541149.0	-1739	neutral
nutrient	22	2.342422680822206	22	24329.772727272728	4.386138052056492	535255.0	96.49503714524283	56990.61145561318	10.274189254354457	189929.19354838712	-506426.2903225806	-18	healthy
berry	217	3.3364597338485296	217	2466.6129032258063	3.3921009990301694	535255.0	736.0859167895468	8229.754630604122	11.31760839641153	168578.13497822933	-570832.1291727142	-255	healthy
subway	76	2.8808135922807914	76	7042.828947368421	3.8477471405979076	535255.0	292.428782685441	20289.077359687566	11.084642262294002	178418.3333333333	-541149.0	-76	healthy
parsley	158	3.1986570869544226	158	3387.6898734177216	3.5299036459242763	535255.0	557.7247760560357	10836.058222011327	11.29095131330194	180705.74786324787	-534248.9743589744	-152	healthy
parsnip	32	2.5051499783199063	32	16726.71875	4.223410754558793	535255.0	135.14914414588137	41902.93911392567	10.580277360219018	171281.6	-562677.0800000001	-36	healthy
cereal	961	3.9827233876685453	961	556.9771071800208	2.745837345210153	535255.0	2638.7496887469574	2218.2857511618386	10.935910613502186	191006.33308577797	-503177.0802079465	-771	neutral
pomegranate	129	3.110589710299249	129	4149.263565891473	3.6179710225794497	535255.0	466.718261912749	12906.656553381586	11.254023434996487	182184.41952506598	-529788.5356200528	-121	healthy
vanilla	399	3.6009728956867484	399	1341.4912280701753	3.1275878371919505	535255.0	1247.9075470395883	4830.673552082231	11.262359030607753	152004.80071174377	-620825.8797153025	-607	neutral
tamale	25	2.3979400086720375	25	21410.2	4.330620724206661	535255.0	108.26551810516654	51340.37517367006	10.384568696959427	199722.01492537314	-476886.0746268657	-17	unhealthy
seaweed	53	2.724275869600789	53	10099.150943396226	4.00428486327791	535255.0	212.22709775372923	27512.873218550383	10.908776628035705	183022.67741935482	-527259.9161290323	-49	healthy
french	604	3.7810369386211318	604	886.183774834437	2.9475237942575667	535255.0	1780.3043717315702	3350.693587055718	11.144696343552573	178813.06415929206	-539958.2876106194	-600	neutral
doughnut	73	2.863322860120456	73	7332.260273972603	3.865237872758243	535255.0	282.16236471135176	20994.62845881883	11.06742396087204	178418.3333333333	-541149.0	-73	unhealthy
nutmeg	31	2.4913616938342726	31	17266.290322580644	4.237199039044426	535255.0	131.35317021037721	43016.574304298825	10.556395375026673	199914.51807228915	-476305.38554216863	-21	neutral
granola	582	3.7649229846498886	582	919.6821305841925	2.9636377482288103	535255.0	1724.8371694691675	3462.5323920082064	11.157867876482687	169857.36641221374	-566973.3053435114	-670	neutral
omelette	704	3.847572659142112	704	760.3053977272727	2.8809880737365865	535255.0	2028.2156039105569	2925.3302608936237	11.084810943823388	174534.28439092173	-552865.301065308	-751	neutral
meatball	105	3.0211892990699383	105	5097.666666666667	3.7073714338087607	535255.0	389.2740005499199	15401.015983558857	11.200670903500601	172398.08282208588	-559309.1901840491	-116	neutral
mayonnaise	18	2.255272505103306	18	29736.38888888889	4.4732882277753925	535255.0	80.51918809995706	67063.66026217057	10.088483947504137	150540.46875	-625243.0625	-28	unhealthy
quinoa	681	3.833147111912785	681	785.9838472834067	2.8954136209659134	535255.0	1971.776675877787	3012.79171422449	11.09854635899843	163971.50472334682	-584728.109311741	-861	healthy
cuisine	154	3.187520720836463	154	3475.681818181818	3.541040012042236	535255.0	545.3201618545044	11078.807814489097	11.287138411695626	196260.16666666666	-487328.80000000005	-112	neutral
nectarine	50	2.6989700043360187	25	21410.2	4.330620724206661	1070510.0	216.53103621033307	57785.48758683503	11.688215434789706	209083.984375	-448645.53125	-28	healthy
jello	22	2.342422680822206	22	24329.772727272728	4.386138052056492	535255.0	96.49503714524283	56990.61145561318	10.274189254354457	193042.7868852459	-497034.0819672131	-17	unhealthy
jelly	231	3.3636119798921444	231	2317.121212121212	3.3649487529865545	535255.0	777.303161939894	7793.896667953116	11.318381937268708	171015.08298755187	-563481.0331950209	-261	unhealthy
shake	526	3.7209857441537393	526	1017.5950570342205	3.0075749887249597	535255.0	1581.9844440693287	3786.456700545646	11.191143657518918	160059.19840818646	-596529.6492325185	-707	unhealthy
caviar	33	2.5185139398778875	33	16219.848484848484	4.210046793000811	535255.0	138.93154416902675	40849.91451179814	10.603061535710738	169840.52884615384	-567024.0961538461	-38	healthy
donut	222	3.346352974450639	222	2411.0585585585586	3.38220775842806	535255.0	750.8501223710293	8068.252979007102	11.318060992625767	171466.9696969697	-562117.9090909091	-249	unhealthy
syrup	617	3.7902851640332416	617	867.5121555915721	2.938275568845457	535255.0	1812.916025977647	3288.118452957233	11.136902296436269	173088.2258909853	-557227.3616352201	-674	unhealthy
cauliflower	868	3.938519725176492	434	1233.3064516129032	3.091071003366188	1070510.0	2683.049630921851	4857.401786864846	12.174244118678823	170059.05563689602	-566364.906295754	-996	healthy
quiche	305	3.484299839346786	305	1754.9344262295083	3.244260893531913	535255.0	989.4995725272335	6114.717739375619	11.303977710132305	172754.25925925924	-558234.7777777778	-335	neutral
broccoli	1413	4.150142161848558	1413	378.8075017692852	2.57841857103014	535255.0	3643.305440865588	1572.1049843172327	10.700803622525497	174628.33410297852	-552581.5984761026	-1505	healthy
anchovy	25	2.3979400086720375	25	21410.2	4.330620724206661	535255.0	108.26551810516654	51340.37517367006	10.384568696959427	185852.43055555556	-518723.9166666667	-22	healthy
shell	116	3.0644579892269186	116	4614.267241379311	3.6641027436517803	535255.0	425.0359182636065	14140.228112272884	11.22848892613197	175891.16147308782	-548772.2577903682	-121	healthy
dough	334	3.5237464668115646	167	3205.119760479042	3.5058442617311156	1070510.0	1170.9519834181926	11294.029431695952	12.353706330466617	167706.53846153847	-573461.3151969982	-398	neutral
rice	3753	4.574378564413083	3753	142.62057021049827	2.154182168465616	535255.0	8084.645678251458	652.4004792152743	9.854044735270007	173009.38894152097	-557465.1746619586	-4105	neutral
rhubarb	52	2.7160033436347994	52	10293.365384615385	4.0125573892438995	535255.0	208.65298424068277	27956.81480187009	10.898119285712953	158143.52272727274	-602308.3181818182	-72	healthy
ground	369	3.56702636615906	369	1450.5555555555557	3.1615343667196383	535255.0	1166.6061813195465	5174.16991224517	11.277276443606937	169827.25279449698	-567064.1435941531	-425	unhealthy
citrus	121	3.0827853703164503	121	4423.5950413223145	3.6457753625622487	535255.0	441.1388188700321	13636.994077592824	11.239142951167052	166066.29487179487	-578409.1384615385	-148	healthy
stomach	238	3.376576957056512	238	2248.970588235294	3.3519837758221867	535255.0	797.7721386456805	7593.822265333123	11.318231177868476	178919.5084269663	-539637.1966292135	-236	neutral
avacado	38	2.57978359661681	38	14085.657894736842	4.148777136261889	535255.0	157.65353117795178	36337.949184398174	10.702947202147286	181604.375	-531538.25	-36	healthy
seafood	259	3.413299764081252	259	2066.6216216216217	3.315260968797447	535255.0	858.6525909185387	7053.999093526296	11.315979482664108	187846.94444444447	-512707.43089430896	-220	neutral
roll	933	3.9698816437465	933	573.6923901393354	2.758679089132199	535255.0	2573.8475901603415	2277.4908887712036	10.951629476933231	173701.8834782609	-555376.2528695653	-1009	neutral
pumpkin	574	3.7589118923979736	574	932.5	2.9696488404807253	535255.0	1704.5784344359363	3505.1853396611104	11.16264834272885	204824.24666666667	-461495.10399999993	-352	healthy
wasabi	56	2.7481880270062007	56	9558.125	3.9803727058724983	535255.0	222.9008715288599	26267.524685628643	10.938812613301073	187339.25	-514238.9	-48	neutral
marmalade	41	2.6127838567197355	41	13055.0	4.1157768761589635	535255.0	168.7468519225175	34109.89324947615	10.753635379888522	184415.58823529413	-523058.1764705883	-37	unhealthy
acorn	64	2.806179973983887	64	8363.359375	3.9223807588948114	535255.0	251.03236856926793	23469.0915933554	11.00690633595034	219591.79487179487	-416948.5384615385	-28	healthy
quesadilla	187	3.271841606536499	187	2862.3262032085563	3.4567191263422	535255.0	646.4064766259913	9365.0779631374	11.309837459676906	167659.43886097154	-573603.391959799	-223	unhealthy
burrito	550	3.7403626894942437	550	973.1909090909091	2.988198043384455	535255.0	1643.50892386145	3640.0869661186207	11.176944470294917	183535.06857855362	-525714.2793017456	-504	unhealthy
rabbit	53	2.724275869600789	53	10099.150943396226	4.00428486327791	535255.0	212.22709775372923	27512.873218550383	10.908776628035705	184211.13636363635	-523674.9090909092	-48	neutral
mozzarella	411	3.6138418218760693	411	1302.323600973236	3.1147189110026297	535255.0	1280.1494724220809	4706.3914948133215	11.256101463969589	180615.60344827586	-534520.8965517242	-396	unhealthy
honey	1022	4.009450895798694	1022	523.7328767123288	2.719109837080005	535255.0	2778.930253495765	2099.8812516934736	10.902137372055467	176177.33011272142	-547909.0251207729	-1061	unhealthy
ketchup	117	3.0681858617461617	117	4574.82905982906	3.6603748711325372	535255.0	428.26385992250687	14036.425841273005	11.23071042829978	183650.54252199412	-525365.9501466276	-107	neutral
crunch	176	3.24551266781415	176	3041.221590909091	3.483048065064549	535255.0	613.0164594513607	9870.323198925356	11.304276617772556	162984.2214532872	-587706.2664359862	-226	neutral
wheat	855	3.931966114728173	855	626.0292397660819	2.796594618150526	535255.0	2391.0883985186997	2461.525757589273	10.996115275199042	176219.87870619947	-547780.6765498653	-887	healthy
mushroom	646	3.8102325179950842	646	828.5681114551084	2.9183282148836147	535255.0	1885.240026814815	3157.037161640029	11.119509062532094	178142.5708397733	-541980.8423493045	-649	healthy
sage	114	3.0569048513364727	114	4695.2192982456145	3.671655881542226	535255.0	418.5687704958138	14352.838650895648	11.223902676724524	187750.98461538463	-512996.8953846154	-97	healthy
salt	419	3.622214022966295	419	1277.4582338902148	3.1063467099124034	535255.0	1301.559271453297	4627.227128550893	11.251852612839922	167492.04256908142	-574108.3457804332	-501	neutral
cantaloupe	59	2.7708520116421442	59	9072.118644067798	3.9577087212365547	535255.0	233.50481455295673	25137.49819477146	10.966225171731965	201146.78343949045	-472588.2356687897	-39	healthy
mango	445	3.6483600109809315	445	1202.8202247191011	3.080200721897767	535255.0	1370.6893212445063	4388.321208264267	11.23768113956641	175914.67872968983	-548701.317577548	-464	neutral
pickle	129	3.110589710299249	129	4149.263565891473	3.6179710225794497	535255.0	466.718261912749	12906.656553381586	11.254023434996487	186615.93243243243	-516420.80000000005	-112	healthy
horseradish	75	2.8750612633917	75	7136.733333333334	3.853499469486999	535255.0	289.0124602115249	20518.545553822994	11.079047053222537	172292.38197424894	-559628.0386266095	-83	healthy
seed	199	3.298853076409707	199	2689.7236180904524	3.429707656468992	535255.0	682.5118236373295	8873.003032229537	11.314101653728661	157334.9261447563	-604747.4638109306	-279	healthy
sprout	52	2.7160033436347994	52	10293.365384615385	4.0125573892438995	535255.0	208.65298424068277	27956.81480187009	10.898119285712953	190638.76712328766	-504285.84931506857	-42	healthy
eggnog	19	2.278753600952829	19	28171.315789473683	4.44980713192587	535255.0	84.54633550659153	64195.48729884244	10.140014025421657	328059.51612903224	-89753.77419354836	7	unhealthy
peppercorn	22	2.342422680822206	22	24329.772727272728	4.386138052056492	535255.0	96.49503714524283	56990.61145561318	10.274189254354457	173170.73529411765	-556978.4705882354	-24	neutral
banana	1662	4.220631019448092	1662	322.05475330926595	2.5079297134306064	535255.0	4168.179183721668	1359.274281777791	10.585045943100782	161392.20065312047	-592508.6248185777	-2188	healthy
lobster	347	3.5403294747908736	347	1542.521613832853	3.188231258087825	535255.0	1106.3162465564753	5461.034734954435	11.287389095457915	183894.5396039604	-524629.9287128714	-316	neutral
shortcake	26	2.414973347970818	26	20586.73076923077	4.313587384907881	535255.0	112.1532720076049	49716.40612954309	10.417198568695671	159961.2643678161	-596825.0689655172	-35	unhealthy
slaw	315	3.4983105537896004	315	1699.2222222222222	3.230250179089098	535255.0	1017.5288064130659	5944.407033233818	11.30041829288814	181101.31578947368	-533055.7368421052	-301	neutral
kidney	26	2.414973347970818	26	20586.73076923077	4.313587384907881	535255.0	112.1532720076049	49716.40612954309	10.417198568695671	183113.55263157896	-526985.7894736843	-24	neutral
soda	194	3.287801729930226	194	2759.046391752577	3.4407590029484725	535255.0	667.5072465720036	9071.19749976187	11.312533402166988	189142.9326047359	-508798.06010928954	-161	unhealthy
sole	25	2.3979400086720375	25	21410.2	4.330620724206661	535255.0	108.26551810516654	51340.37517367006	10.384568696959427	173784.0909090909	-555128.2727272727	-27	neutral
soup	2599	4.414806279501013	2599	205.94651789149674	2.3137544533776864	535255.0	6013.447824328607	909.2139804287475	10.214777689995243	184499.70092838196	-522804.44907161803	-2342	neutral
persimmon	17	2.230448921378274	17	31485.58823529412	4.498111811500425	535255.0	76.46790079550722	70226.99631837224	10.032808638199997	233316.28205128206	-375548.38461538457	-5	healthy
noodle	288	3.459392487759231	288	1858.5243055555557	3.269168245119468	535255.0	941.5204545944067	6429.365020956831	11.309336068387315	180719.15592028137	-534208.528722157	-277	neutral
salami	90	2.954242509439325	90	5947.277777777777	3.7743182234393737	535255.0	339.68864010954366	17569.700826554956	11.150251339836112	187443.38521400778	-513924.7743190662	-77	unhealthy
sorbet	30	2.4771212547196626	30	17841.833333333332	4.251439478159036	535255.0	127.54318434477109	44196.384573165764	10.53133109450202	174539.6739130435	-552849.0434782609	-32	unhealthy
bake	295	3.469822015978163	295	1814.4237288135594	3.258738716900536	535255.0	961.3279214856581	6295.7274005504805	11.30724334422191	176622.17561521253	-546567.1409395973	-304	neutral
stew	319	3.503790683057181	319	1677.9153605015674	3.2247700498215175	535255.0	1028.701645893064	5879.064207083923	11.298919255566474	172645.44489383217	-558563.0182002021	-351	neutral
bass	88	2.9444826721501687	88	6082.443181818182	3.7840780607285303	535255.0	332.9988693441107	17909.648553201576	11.14215227987877	195445.8091286307	-489785.3236514523	-65	healthy
spinach	2334	4.368100851709352	2334	229.32947729220223	2.3604598811693474	535255.0	5509.313362649256	1001.7342850821291	10.310726817361582	171510.8690280066	-561985.4859967051	-2616	healthy
glaze	154	3.187520720836463	154	3475.681818181818	3.541040012042236	535255.0	545.3201618545044	11078.807814489097	11.287138411695626	167880.38696537676	-572936.8981670061	-183	neutral
bean	667	3.824125833916549	667	802.4812593703149	2.90443489896215	535255.0	1937.2580776077539	3068.789315191908	11.106924530049959	180950.37252914344	-533511.0598073999	-639	healthy
beef	1479	4.169968173996892	1479	361.9033130493577	2.558592558881806	535255.0	3784.158394586191	1509.1252974798558	10.6692495407624	175569.3379906853	-549743.0439121756	-1551	unhealthy
beet	137	3.1367205671564067	137	3906.970802919708	3.591840165722292	535255.0	492.082102703954	12255.075672797828	11.26659892175959	179290.7946210269	-538517.2053789732	-135	healthy
beer	690	3.838849090737255	690	775.731884057971	2.8897116421414433	535255.0	1993.901033077596	2977.91763777184	11.09316690992754	175118.99004267424	-551101.5263157894	-729	unhealthy
endive	19	2.278753600952829	19	28171.315789473683	4.44980713192587	535255.0	84.54633550659153	64195.48729884244	10.140014025421657	188330.46296296298	-511248.8888888888	-16	healthy
taco	600	3.7781512503836434	600	892.0916666666667	2.950409482495055	535255.0	1770.245689497033	3370.457245873495	11.14709327543245	169384.4936708861	-568399.7341772153	-696	unhealthy
tart	139	3.143014800254095	139	3850.755395683453	3.5855459326246035	535255.0	498.3908846348199	12102.981200791406	11.269423933230001	171825.50808314088	-561036.3718244804	-155	unhealthy
shallot	45	2.653212513775344	45	11894.555555555555	4.075348219103355	535255.0	183.39066985965098	31558.783645796037	10.812764892917084	195825.0	-488641.48780487804	-33	healthy
bone	91	2.959041392321094	91	5881.923076923077	3.769519340557605	535255.0	343.02625999074206	17404.853851064036	11.154163757864866	193286.52777777778	-496298.83333333326	-70	unhealthy
cobbler	28	2.4471580313422194	28	19116.25	4.2814027015364795	535255.0	119.87927564302143	46780.484716645704	10.477269006475272	199828.53333333335	-476564.76	-19	unhealthy
salmon	1270	4.103803720955957	1270	421.46062992125985	2.6247570119227417	535255.0	3333.441405141882	1729.5917013073079	10.771487592133788	174256.3060753653	-553703.8274801334	-1361	healthy
bran	158	3.1986570869544226	158	3387.6898734177216	3.5299036459242763	535255.0	557.7247760560357	10836.058222011327	11.29095131330194	150749.1800356506	-624613.4812834224	-245	healthy
brew	36	2.5563025007672873	36	14868.194444444445	4.172258232111411	535255.0	150.2012963560108	38007.602640227626	10.665554152593302	140650.9489051095	-655074.9708029197	-65	unhealthy
fajita	68	2.8325089127062366	68	7871.39705882353	3.8960518201724623	535255.0	264.9315237717274	22295.802324567307	11.035601505003855	174987.21153846153	-551499.0384615385	-72	unhealthy
romaine	116	3.0644579892269186	116	4614.267241379311	3.6641027436517803	535255.0	425.0359182636065	14140.228112272884	11.22848892613197	178418.3333333333	-541149.0	-116	healthy
marshmallow	20	2.3010299956639813	20	26762.75	4.427530737214718	535255.0	88.55061474429435	61581.89051645622	10.187881033055325	150776.05633802817	-624532.4084507043	-31	unhealthy
tofu	504	3.7024305364455254	504	1062.013888888889	3.0261301964331735	535255.0	1525.1696190023195	3932.0326523514877	11.204036846534077	173931.99226305608	-554682.1257253385	-543	healthy
tartar	45	2.653212513775344	45	11894.555555555555	4.075348219103355	535255.0	183.39066985965098	31558.783645796037	10.812764892917084	178418.3333333333	-541149.0	-45	unhealthy
scallop	47	2.6720978579357175	47	11388.404255319148	4.056462874942981	535255.0	190.6537551223201	30430.930615944308	10.839265758930901	201255.88	-472259.144	-31	healthy
cake	958	3.9813655090785445	958	558.7212943632568	2.7471952238001545	535255.0	2631.813024400548	2224.4736905655914	10.937588310743248	172361.10588235295	-559420.731764706	-1059	unhealthy
tomatillo	33	2.5185139398778875	33	16219.848484848484	4.210046793000811	535255.0	138.93154416902675	40849.91451179814	10.603061535710738	173170.73529411765	-556978.4705882354	-36	healthy
tuna	547	3.737987326333431	547	978.528336380256	2.990573406545268	535255.0	1635.8436533802617	3657.726519847533	11.178725492136007	171519.90919742238	-561958.216168717	-613	healthy
pineapple	481	3.682145076373832	481	1112.7962577962578	3.046415656504867	535255.0	1465.325930778841	4097.477261651716	11.21734441018755	177190.40261527873	-544853.0743289746	-491	healthy
dress	131	3.1172712956557644	131	4085.916030534351	3.6112894372229345	535255.0	473.07891627620444	12736.908758444475	11.257368902959913	186485.11968085106	-516815.3989361702	-114	neutral
toast	3137	4.4965145186977455	3137	170.62639464456487	2.232046214180954	535255.0	7001.928973885652	767.2240607923372	10.036428208468998	177475.4185604059	-543993.3187823698	-3187	unhealthy
chip	465	3.667452952889954	465	1151.0860215053763	3.061107779988745	535255.0	1423.4151176947664	4221.553828600241	11.226468766834135	172006.61713890807	-560490.0532135454	-517	unhealthy
drink	1107	4.044147620878723	1107	483.51851851851853	2.684413111999976	535255.0	2971.6453149839735	1955.4202663174717	10.856162900350354	169584.22581568404	-567797.2386949055	-1280	neutral
clam	91	2.959041392321094	91	5881.923076923077	3.769519340557605	535255.0	343.02625999074206	17404.853851064036	11.154163757864866	158143.52272727274	-602308.3181818182	-126	healthy
radish	140	3.146128035678238	140	3823.25	3.5824326972004608	535255.0	501.5405776080645	12028.434012406824	11.270791944592778	194638.18181818182	-492221.54545454547	-105	healthy
coke	66	2.8195439355418688	66	8109.924242424242	3.90901679733683	535255.0	257.9951086242308	22866.287715431255	11.021644604862358	172326.0	-559526.6292682927	-73	unhealthy
corn	1268	4.103119253545714	1268	422.1253943217666	2.6254414793329848	535255.0	3329.0597957942246	1732.030832852217	10.77249948290871	185235.62772925766	-520584.51310043666	-1128	neutral
entree	229	3.359835482339888	229	2337.35807860262	3.3687252505388106	535255.0	771.4380823733876	7853.138607422868	11.318362627014624	183218.82660687593	-526668.2286995517	-211	neutral
fondue	19	2.278753600952829	19	28171.315789473683	4.44980713192587	535255.0	84.54633550659153	64195.48729884244	10.140014025421657	139312.94520547945	-659111.0821917807	-35	unhealthy
sherry	28	2.4471580313422194	28	19116.25	4.2814027015364795	535255.0	119.87927564302143	46780.484716645704	10.477269006475272	174269.06976744186	-553665.3255813953	-30	unhealthy
crab	528	3.722633922533812	528	1013.7405303030303	3.0059268103448864	535255.0	1587.1293558621	3773.7848867534763	11.189965112843735	174453.4814814815	-553109.0444444445	-564	healthy
cheesesteak	44	2.6434526764861874	44	12164.886363636364	4.085108056392511	535255.0	179.7447544812705	32157.30141710487	10.79878982540607	182567.5968992248	-528632.6744186046	-41	unhealthy
curd	31	2.4913616938342726	31	17266.290322580644	4.237199039044426	535255.0	131.35317021037721	43016.574304298825	10.556395375026673	180357.66304347827	-535298.9782608695	-30	neutral
grapefruit	233	3.367355921026019	233	2297.2317596566522	3.3612048118526796	535255.0	783.1607211616744	7735.596967848848	11.318372924973266	187258.8813813814	-514481.33333333326	-200	healthy
chickpea	106	3.0253058652647704	106	5049.575471698113	3.7032548676139285	535255.0	392.54501596707644	15276.51029162542	11.20347867156273	185415.13071895426	-520043.03921568627	-94	healthy
lentil	133	3.123851640967086	133	4024.4736842105262	3.604709091911613	535255.0	479.42630922424456	12571.858722449906	11.260576411977066	153424.38577586206	-616543.676724138	-198	healthy
cracker	55	2.740362689494244	55	9731.90909090909	3.988198043384455	535255.0	219.350892386145	26668.96057027712	10.929109116404707	178418.3333333333	-541149.0	-55	unhealthy
munch	55	2.740362689494244	55	9731.90909090909	3.988198043384455	535255.0	219.350892386145	26668.96057027712	10.929109116404707	178418.3333333333	-541149.0	-55	neutral
orange	708	3.850033257689769	708	756.0098870056497	2.8785274751889296	535255.0	2037.9974524337622	2910.6632081140356	11.08242651265114	171552.98325033952	-561858.4477138977	-793	healthy
olive	520	3.716003343634799	520	1029.3365384615386	3.0125573892438995	535255.0	1566.5298424068278	3825.0180186485472	11.19467333132205	179338.01546391752	-538374.7628865979	-512	healthy
ginger	400	3.6020599913279625	400	1338.1375	3.1265007415507364	535255.0	1250.6002966202946	4820.051551645622	11.261843233997114	173221.68284789645	-556824.7864077669	-436	healthy
date	1863	4.270212854896243	1863	287.3081052066559	2.458347877982456	535255.0	4579.902096681315	1226.8667641693442	10.497668710367583	178706.10483870967	-540280.9322580645	-1854	healthy
teriyaki	181	3.2576785748691846	181	2957.209944751381	3.4708821580095144	535255.0	628.2296705997221	9633.63947840666	11.307018442043315	179742.4025974026	-537154.9220779222	-177	neutral
chicken	7571	4.879153246184246	7571	70.69805838066306	1.8494074866944525	535255.0	14001.8640817637	344.9466610469355	9.023542542222685	174876.60661114228	-551832.6801449963	-8031	neutral
cheddar	782	3.893206753059848	782	684.4693094629156	2.8353539798188505	535255.0	2217.246812218341	2664.780537863234	11.038619261545865	178952.29157759727	-539538.3056861906	-775	unhealthy
cocoa	68	2.8325089127062366	68	7871.39705882353	3.8960518201724623	535255.0	264.9315237717274	22295.802324567307	11.035601505003855	183824.94949494948	-524839.8484848484	-62	neutral
jalapeno	72	2.8573324964312685	72	7434.097222222223	3.8712282364474304	535255.0	278.728433024215	21241.687574684984	11.061386241103554	182646.25592417063	-528395.3981042654	-67	healthy
diet	360	3.5563025007672873	360	1486.8194444444443	3.1722582321114112	535255.0	1142.0129635601081	5287.579708467206	11.281509883937426	172508.32587287377	-558976.6401074306	-397	healthy
dill	169	3.2278867046136734	169	3167.189349112426	3.500674028265025	535255.0	591.6139107767892	10223.328390994035	11.299779153023065	172301.13333333333	-559601.64	-187	neutral
quail	28	2.4471580313422194	28	19116.25	4.2814027015364795	535255.0	119.87927564302143	46780.484716645704	10.477269006475272	170308.4090909091	-565612.7272727273	-32	neutral
brownie	60	2.778151250383644	60	8920.916666666666	3.950409482495055	535255.0	237.0245689497033	24783.655792068286	10.974835043321042	178418.3333333333	-541149.0	-60	unhealthy
breakfast	12542	5.098366796439331	12542	42.67700526231861	1.6301939364393676	535255.0	20445.89235082255	217.5830266008718	8.311326637299201	178314.07272630683	-541463.5039311517	-12564	neutral
crispy	460	3.662757831681574	460	1163.5978260869565	3.0658029011971246	535255.0	1410.2693345506773	4261.977050427654	11.229293586751858	182248.1865284974	-529596.1813471502	-431	unhealthy
jimmy	26	2.414973347970818	26	20586.73076923077	4.313587384907881	535255.0	112.1532720076049	49716.40612954309	10.417198568695671	201690.28985507248	-470948.7391304347	-17	unhealthy
watermelon	233	3.367355921026019	233	2297.2317596566522	3.3612048118526796	535255.0	783.1607211616744	7735.596967848848	11.318372924973266	192163.96764252696	-499685.0554699538	-183	healthy
veal	39	2.591064607026499	39	13724.48717948718	4.137496125852199	535255.0	161.3623489082358	35561.03298035818	10.720519773404892	196933.4433962264	-485297.84905660374	-28	neutral
garlic	1929	4.2853322276438846	1929	277.4779678589943	2.4432285052348144	535255.0	4712.987786597957	1189.0852781272822	10.470045852980945	179223.55407047385	-538720.0376670717	-1903	healthy
duck	275	3.439332693830263	275	1946.3818181818183	3.289228039048436	535255.0	904.5377107383199	6694.254621949518	11.31274953216249	177343.52409638555	-544391.1807228915	-280	neutral
waffle	690	3.838849090737255	690	775.731884057971	2.8897116421414433	535255.0	1993.901033077596	2977.91763777184	11.09316690992754	170826.06382978725	-564051.2127659575	-782	unhealthy
dinner	12208	5.086644520610805	12208	43.84461009174312	1.6419162122678934	535255.0	20044.513119366442	223.02194568148235	8.351844104434527	178359.89300141938	-541325.2862757943	-12220	neutral
paprika	55	2.740362689494244	55	9731.90909090909	3.988198043384455	535255.0	219.350892386145	26668.96057027712	10.929109116404707	174195.41420118342	-553887.5088757398	-59	neutral
jicama	30	2.4771212547196626	30	17841.833333333332	4.251439478159036	535255.0	127.54318434477109	44196.384573165764	10.53133109450202	170826.06382978725	-564051.2127659575	-34	healthy
collard	106	3.0253058652647704	106	5049.575471698113	3.7032548676139285	535255.0	392.54501596707644	15276.51029162542	11.20347867156273	185415.13071895426	-520043.03921568627	-94	healthy
plantain	41	2.6127838567197355	41	13055.0	4.1157768761589635	535255.0	168.7468519225175	34109.89324947615	10.753635379888522	156753.25	-606502.1000000001	-58	healthy
croissant	218	3.3384564936046046	218	2455.298165137615	3.390104239274094	535255.0	739.0427241617525	8196.906103139141	11.317715511601097	165043.26732673266	-581495.1188118813	-271	unhealthy
cornbread	224	3.3502480183341627	224	2389.53125	3.3783127145445357	535255.0	756.742048057976	8005.5223350600545	11.318185477215938	181113.4743202417	-533019.0604229608	-214	unhealthy
melon	67	2.8260748027008264	67	7988.880597014925	3.9024859301778725	535255.0	261.46655732191743	22577.174157009416	11.028717155170183	182041.04060913707	-530221.040609137	-63	healthy
coriander	24	2.380211241711606	24	22302.291666666668	4.348349491167093	535255.0	104.36038778801023	53084.16534093107	10.349990341766855	186175.65217391303	-517748.91304347833	-21	neutral
gouda	42	2.623249290397901	42	12744.166666666666	4.105311442480798	535255.0	172.4230805841935	33431.12616504591	10.769255328350136	179845.68000000002	-536843.384	-41	unhealthy
whey	49	2.690196080028514	49	10923.57142857143	4.038364652850185	535255.0	197.87986798965906	29386.549037054334	10.863992758823278	180879.27586206896	-533725.5241379311	-47	healthy
whip	176	3.24551266781415	176	3041.221590909091	3.483048065064549	535255.0	613.0164594513607	9870.323198925356	11.304276617772556	175755.37313432837	-549181.8656716418	-184	unhealthy
hamburger	104	3.0170333392987803	104	5146.682692307692	3.7115273935799182	535255.0	385.9988489323115	15527.713269484313	11.19780188615132	178992.02572347267	-539418.4469453376	-103	unhealthy
danish	22	2.342422680822206	22	24329.772727272728	4.386138052056492	535255.0	96.49503714524283	56990.61145561318	10.274189254354457	129402.30769230769	-689006.6923076923	-47	unhealthy
wing	52	2.7160033436347994	52	10293.365384615385	4.0125573892438995	535255.0	208.65298424068277	27956.81480187009	10.898119285712953	184326.2251655629	-523327.7417218543	-47	unhealthy
wine	1145	4.058805486675906	1145	467.471615720524	2.669755246202792	535255.0	3056.8697569021965	1897.3763587517137	10.836017241369676	184487.3494882601	-522841.70740517764	-1032	unhealthy
blood	128	3.1072099696478683	128	4181.6796875	3.62135076323083	535255.0	463.53289769354626	12993.356814873983	11.252297195102752	168750.3448275862	-570312.6551724138	-150	unhealthy
latte	192	3.2833012287035497	192	2787.7864583333335	3.4452595041751493	535255.0	661.4898248016286	9153.142704008951	11.31182476326085	194270.2457466919	-493331.4310018903	-145	unhealthy
onion	1176	4.07040732174012	1176	455.1488095238095	2.658153411138579	535255.0	3125.988411498969	1852.6410467670137	10.819767107006948	178165.83073874892	-541910.6784602321	-1181	healthy
smoke	60	2.778151250383644	60	8920.916666666666	3.950409482495055	535255.0	237.0245689497033	24783.655792068286	10.974835043321042	158986.63366336632	-599765.0594059406	-82	unhealthy
layer	44	2.6434526764861874	44	12164.886363636364	4.085108056392511	535255.0	179.7447544812705	32157.30141710487	10.79878982540607	174453.4814814815	-553109.0444444445	-47	neutral
garden	430	3.6334684555795866	430	1244.7790697674418	3.0950922772991123	535255.0	1330.8896792386183	4522.865484165702	11.24592015667431	193249.0764063812	-496411.80604534	-331	neutral
fast	594	3.7737864449811935	594	901.1026936026936	2.9547742878975054	535255.0	1755.1359270111182	3400.569130653887	11.150687155646565	171212.42326332795	-562885.7528271406	-669	unhealthy
fava	18	2.255272505103306	18	29736.38888888889	4.4732882277753925	535255.0	80.51918809995706	67063.66026217057	10.088483947504137	172046.25	-560370.5	-20	healthy
sourdough	180	3.255272505103306	180	2973.6388888888887	3.4732882277753925	535255.0	625.1918809995707	9680.004915105945	11.306499670176224	204122.66949152542	-463611.42372881365	-112	unhealthy
casserole	354	3.5490032620257876	354	1512.0197740112994	3.179557470852911	535255.0	1125.5633446819304	5366.163110213596	11.284259835855444	166356.69007901667	-577533.1562774363	-431	neutral
oatmeal	1255	4.098643725817057	1255	426.49800796812747	2.6299170070616418	535255.0	3300.5458438623605	1748.063384432039	10.77909284041277	180382.6597744361	-535223.57518797	-1214	neutral
barley	49	2.690196080028514	49	10923.57142857143	4.038364652850185	535255.0	197.87986798965906	29386.549037054334	10.863992758823278	197199.2105263158	-484496.1578947368	-35	healthy
hazelnut	62	2.792391689498254	62	8633.145161290322	3.936169043380445	535255.0	244.0424806895876	24107.122802619157	10.991325725195846	153638.00925925927	-615899.2777777778	-92	healthy
artichoke	170	3.230448921378274	170	3148.5588235294117	3.498111811500425	535255.0	594.6790079550722	10171.258455366637	11.300471528322149	172662.90322580645	-558510.3548387097	-187	healthy
strawberry	672	3.8273692730538253	672	796.5104166666666	2.9011914598248736	535255.0	1949.600661002315	3048.5394944172995	11.103931048579893	174100.3678606002	-554174.2178121974	-722	healthy
fish	871	3.9400181550076634	871	614.5292766934558	2.7885425778710355	535255.0	2428.820585325672	2421.2565069559437	10.986908382823751	176326.439107413	-547459.2352496218	-902	neutral
yogurt	1443	4.1592663310934945	1443	370.93208593208595	2.5692944017852044	535255.0	3707.49182177605	1542.805336139604	10.686379700012202	170201.18223887176	-565936.178933451	-1652	neutral
flax	155	3.1903316981702914	155	3453.2580645161293	3.538229034708407	535255.0	548.4255003798031	11017.038665187996	11.288124244816704	176520.2659574468	-546874.5531914894	-160	healthy
